0.15
;
-1.9853812878464718
;
67 0.018174578614452423 false 0.001989681103356188 1 16 0
69 0.14194419716883977 false -0.0880488416061469 2 9 0
11 26.739646933153416 false -0.14442773558073016 3 6 0
51 0.0035312781338491988 false -0.2348230567011396 4 5 0
-1 0.0 true -0.30224035683781997 0 0 0
-1 0.0 true -0.1487604116558132 0 0 0
49 0.05174469227533377 false 0.039139114150294654 7 8 0
-1 0.0 true -0.04716572327070111 0 0 0
-1 0.0 true 0.13438227204440087 0 0 0
68 0.5590201784554703 false 0.4162604403896533 10 13 0
60 0.02686664301168362 false 0.21363994219523144 11 12 0
-1 0.0 true 0.08289633537597747 0 0 0
-1 0.0 true 0.4887459203419647 0 0 0
68 1.4614854724825934 false 0.6195714238001765 14 15 0
-1 0.0 true 0.2953721273748746 0 0 0
-1 0.0 true 1.034583913164434 0 0 0
20 0.13092216164049417 false 4.866042508709902 17 24 0
44 0.04460554655376017 false 5.9953812971741565 18 21 0
72 0.7020930232558139 false 4.764535529110995 19 20 0
-1 0.0 true 3.2718782684399748 0 0 0
-1 0.0 true 5.39788894114133 0 0 0
61 0.10795527195915494 false 7.357006407200294 22 23 0
-1 0.0 true 7.185485124366147 0 0 0
-1 0.0 true 18.297205563971296 0 0 0
44 0.05043296713885642 false 3.841112161613465 25 28 0
65 3040.32223177106 false 3.5070969460231374 26 27 0
-1 0.0 true 2.473280686138852 0 0 0
-1 0.0 true 4.379788776148467 0 0 0
20 0.28233258440569864 false 5.234821292261861 29 30 0
-1 0.0 true 5.6790321405258695 0 0 0
-1 0.0 true 1.4456784827530396 0 0 0
;
67 0.018417627125789843 false -0.018773055342789866 1 16 0
70 0.08281457944087289 false -0.07906087822442742 2 9 0
24 0.0010202531957068065 false -0.11796598643130513 3 6 0
11 20.484347796065123 false -0.20447376011924157 4 5 0
-1 0.0 true -0.27335431226592677 0 0 0
-1 0.0 true -0.07058358682804984 0 0 0
65 10883.083788598848 false 0.050580866348581166 7 8 0
-1 0.0 true 0.1033863705646425 0 0 0
-1 0.0 true -0.18220370146132878 0 0 0
70 1.627817492158436 false 0.3844090858549045 10 13 0
24 9.118401918937838E-4 false 0.18644138135376773 11 12 0
-1 0.0 true 0.003741473923713601 0 0 0
-1 0.0 true 0.36793676593623625 0 0 0
65 2724.8113548426318 false 0.583629855061976 14 15 0
-1 0.0 true 0.3115407794743828 0 0 0
-1 0.0 true 0.8642726386608868 0 0 0
65 3178.910890068717 false 0.745442302997551 17 24 0
60 0.13267355019877294 false 0.6823509951790836 18 21 0
65 314.81496186458696 false 0.6921435945248637 19 20 0
-1 0.0 true 1.2303495670119045 0 0 0
-1 0.0 true 0.6199131208460754 0 0 0
4 78.5 false -2.405568247989109 22 23 0
-1 0.0 true 0.6095311523260752 0 0 0
-1 0.0 true -2.7824556730285073 0 0 0
72 0.7007750507473703 false 0.7753649888563224 25 28 0
40 0.009385856319529496 false 0.5180167029543559 26 27 0
-1 0.0 true 0.5077910352093752 0 0 0
-1 0.0 true 2.4508804786007463 0 0 0
25 0.261222143471886 false 0.872136230925725 29 30 0
-1 0.0 true 0.9008217889659267 0 0 0
-1 0.0 true 0.5279999585416921 0 0 0
;
72 0.012475694814436568 false -0.016511092422335533 1 16 0
67 0.005755231202818749 false -0.056686656025289266 2 9 0
68 0.06519035527505376 false -0.06814677861956486 3 6 0
11 35.40845723741944 false -0.09828208383126641 4 5 0
-1 0.0 true -0.16632895502384087 0 0 0
-1 0.0 true 0.09757911375329249 0 0 0
44 0.025543144975987135 false 0.3242552961420961 7 8 0
-1 0.0 true 0.12059196045321935 0 0 0
-1 0.0 true 0.4944441270719067 0 0 0
60 0.07948287167560295 false 0.392225727017768 10 13 0
4 1178.8 false 0.37711882913955047 11 12 0
-1 0.0 true 0.37366690904319144 0 0 0
-1 0.0 true 10.331343449273657 0 0 0
55 42.666666666666664 false 0.801331404412683 14 15 0
-1 0.0 true 0.7297769890759856 0 0 0
-1 0.0 true 3.81918242678517 0 0 0
61 0.11532244882160433 false 0.5862045619903258 17 24 0
71 0.05491893727187845 false 0.5957951601084733 18 21 0
7 0.6656528529329843 false 0.623453277019702 19 20 0
-1 0.0 true 0.4941970434391175 0 0 0
-1 0.0 true 0.6399617210530151 0 0 0
45 135.72463768115944 false 0.08939851642920915 22 23 0
-1 0.0 true 0.5933151341686617 0 0 0
-1 0.0 true -0.0812738788538197 0 0 0
1 0.9778302029458912 false -1.1292050970933798 25 28 0
42 9.333333333333332 false -0.474831747092629 26 27 0
-1 0.0 true -0.9080508748460586 0 0 0
-1 0.0 true 0.7558595899780286 0 0 0
36 0.07540809944856486 false -2.7192910227011873 29 30 0
-1 0.0 true -2.9618535363152225 0 0 0
-1 0.0 true 0.5835932243393745 0 0 0
;
72 0.0124448725097582 false -0.021991578586495097 1 16 0
24 0.0014114367051645477 false -0.05627664083208959 2 9 0
67 0.004135950395460798 false -0.12274793941459493 3 6 0
62 10.089610251388912 false -0.1313074498653886 4 5 0
-1 0.0 true -0.2526673213585386 0 0 0
-1 0.0 true -0.07154515933038964 0 0 0
65 2901.0914310001044 false 0.35131933733436616 7 8 0
-1 0.0 true 0.23052811685417726 0 0 0
-1 0.0 true 0.4388538461228328 0 0 0
70 1.3074245939675175 false 0.1587777818058703 10 13 0
65 10910.32478494468 false 0.13013493933850462 11 12 0
-1 0.0 true 0.18841118384504257 0 0 0
-1 0.0 true -0.11619987665878934 0 0 0
68 2.3136344449134656 false 0.48580048871357767 14 15 0
-1 0.0 true 0.3613411703082694 0 0 0
-1 0.0 true 0.6728749703200159 0 0 0
61 0.10901316262305233 false 0.42135038853199464 17 24 0
49 0.17429365615968256 false 0.4296139455254597 18 21 0
44 0.08677311777117823 false 0.42446697987043674 19 20 0
-1 0.0 true 0.41285539355008216 0 0 0
-1 0.0 true 0.5594864752035053 0 0 0
54 0.2410470308514342 false 2.252332645058638 22 23 0
-1 0.0 true 4.433314650353904 0 0 0
-1 0.0 true 0.820716423866995 0 0 0
41 387.40000000000003 false -0.9931732538220222 25 28 0
0 0.14885414435639324 false -2.993103096428522 26 27 0
-1 0.0 true -3.3418485273861007 0 0 0
-1 0.0 true 0.6097689531272464 0 0 0
1 0.7935276532137518 false -0.4026108350112048 29 30 0
-1 0.0 true -1.1036282125304915 0 0 0
-1 0.0 true -0.06919393603936413 0 0 0
;
67 0.01828207322348999 false -0.008128869594643045 1 16 0
11 23.394022808997605 false -0.04962784200377587 2 9 0
70 2.307396733909702 false -0.14361672447337437 3 6 0
11 2.4920325906698393 false -0.1565158461795058 4 5 0
-1 0.0 true -0.31155723998868085 0 0 0
-1 0.0 true -0.11258162787342511 0 0 0
40 0.009837687668193863 false 0.3995910536041881 7 8 0
-1 0.0 true 0.38819625537879465 0 0 0
-1 0.0 true 11.616419543334262 0 0 0
68 0.06400065953684594 false 0.07118866264656569 10 13 0
24 0.0015203015522993156 false 0.046045345681628755 11 12 0
-1 0.0 true -0.02238176287482756 0 0 0
-1 0.0 true 0.1873098856094307 0 0 0
68 1.4947149100518335 false 0.30677381488121497 14 15 0
-1 0.0 true 0.1701287307697927 0 0 0
-1 0.0 true 0.41735863472987667 0 0 0
60 0.11407595616900176 false 0.33602955711951626 17 24 0
72 0.6857474600870828 false 0.3414978389851256 18 21 0
51 0.016986021292657652 false 0.2657456151621184 19 20 0
-1 0.0 true 0.2604181837887421 0 0 0
-1 0.0 true 1.0799140200454695 0 0 0
68 12.574074074074073 false 0.3680512488639473 22 23 0
-1 0.0 true 0.37610947637998016 0 0 0
-1 0.0 true -0.30828828570527 0 0 0
44 0.15618190759818606 false -0.7767294436941046 25 28 0
41 1934.0 false -1.5510329778272107 26 27 0
-1 0.0 true -0.8143377311565588 0 0 0
-1 0.0 true -3.2981143032202525 0 0 0
1 0.7441877934272301 false -0.08584674532030304 29 30 0
-1 0.0 true -2.1355754889298906 0 0 0
-1 0.0 true 0.270130100256719 0 0 0
;
67 0.018056140639830565 false -0.017509126194726696 1 16 0
69 0.12866313695191114 false -0.05072797512147541 2 9 0
62 46.197695050161684 false -0.08895376016723675 3 6 0
11 4.391443317513248 false -0.14480341129380295 4 5 0
-1 0.0 true -0.27932383521561843 0 0 0
-1 0.0 true -0.10170360587262894 0 0 0
71 1.5438769838819244E-4 false 0.051129276561073446 7 8 0
-1 0.0 true 0.05015273968824137 0 0 0
-1 0.0 true 6.002956718262211 0 0 0
69 1.6810084033613437 false 0.17347813786420574 10 13 0
44 0.02092080671187955 false 0.052752761310843554 11 12 0
-1 0.0 true -0.10137989920011259 0 0 0
-1 0.0 true 0.12557326809569272 0 0 0
49 0.31586467586467587 false 0.266374592922766 14 15 0
-1 0.0 true 0.26525144081363294 0 0 0
-1 0.0 true 14.389347247525427 0 0 0
61 0.10801235505001802 false 0.2398830791330161 17 24 0
49 0.03373378591076736 false 0.24581789360759196 18 21 0
61 0.08948130075937442 false 0.08067632831817687 19 20 0
-1 0.0 true 0.08799133431367447 0 0 0
-1 0.0 true -0.6545508075414345 0 0 0
44 0.09758072878089064 false 0.27617685082601073 22 23 0
-1 0.0 true 0.26728908626439624 0 0 0
-1 0.0 true 0.469257644959969 0 0 0
49 0.05139925794844577 false -0.8197363903203541 25 28 0
55 9.375 false -1.4851762841423453 26 27 0
-1 0.0 true -1.7596308114973191 0 0 0
-1 0.0 true -0.35653222531644124 0 0 0
7 0.800974735735237 false -0.1593625123387647 29 30 0
-1 0.0 true -1.9523912258958902 0 0 0
-1 0.0 true 0.12043642659978693 0 0 0
;
67 0.018239417149104386 false -0.014049878556415372 1 16 0
24 9.557449437109442E-4 false -0.04335425927120475 2 9 0
69 2.560032139577594 false -0.12637724649050422 3 6 0
36 0.03136641602731075 false -0.13890549796183368 4 5 0
-1 0.0 true -0.24234417580056988 0 0 0
-1 0.0 true -0.10057493976883519 0 0 0
61 0.04558878379203412 false 0.1929175479675716 7 8 0
-1 0.0 true 0.18722588908266827 0 0 0
-1 0.0 true 8.358205548820557 0 0 0
69 0.19840903747660138 false 0.06444416889640282 10 13 0
65 17081.971652406242 false 0.028506454753460163 11 12 0
-1 0.0 true 0.05686050058217492 0 0 0
-1 0.0 true -0.24359606188498958 0 0 0
68 3.350382932166302 false 0.20638184495245385 14 15 0
-1 0.0 true 0.1820069542260974 0 0 0
-1 0.0 true 0.40561697829700566 0 0 0
60 0.13093733229076687 false 0.19705228828106963 17 24 0
49 0.20822095605337393 false 0.20052339071615624 18 21 0
65 3047.9413042543233 false 0.19938126121404035 19 20 0
-1 0.0 true 0.15077871606281487 0 0 0
-1 0.0 true 0.22241366642089372 0 0 0
1 0.6226780274399322 false 1.546309022492074 22 23 0
-1 0.0 true -0.5763589132005593 0 0 0
-1 0.0 true 1.8616821291576897 0 0 0
23 0.03685657171414293 false -0.6073516405345615 25 28 0
65 1731.3043210459134 false 0.8231858220353256 26 27 0
-1 0.0 true 0.9926349099361752 0 0 0
-1 0.0 true 0.6665009772818247 0 0 0
62 133.4 false -0.7921026358761736 29 30 0
-1 0.0 true -1.0097422967361545 0 0 0
-1 0.0 true -0.22068934758591335 0 0 0
;
72 0.012448540122870352 false -0.013961948048335147 1 16 0
49 0.04895509597999573 false -0.033870215435382774 2 9 0
69 0.10083793188540037 false -0.107103180450623 3 6 0
11 18.714005958882417 false -0.1367601785334305 4 5 0
-1 0.0 true -0.2011227103890461 0 0 0
-1 0.0 true -0.056636968032931126 0 0 0
33 306.5 false 0.08742882841686442 7 8 0
-1 0.0 true 0.0857829200759074 0 0 0
-1 0.0 true 9.06849116040776 0 0 0
44 0.028261660485052506 false 0.05682201513594915 10 13 0
11 61.87786979061468 false -0.01787456535279904 11 12 0
-1 0.0 true -0.04340827504145339 0 0 0
-1 0.0 true 0.15373592321049323 0 0 0
70 2.299163586850807 false 0.1350626966534074 14 15 0
-1 0.0 true 0.12169932153631763 0 0 0
-1 0.0 true 0.3478618580038263 0 0 0
65 16863.66877244513 false 0.1781478296938781 17 24 0
69 5.494442628309905 false 0.1943204301554833 18 21 0
70 1.4007257646448936 false 0.22894644997914815 19 20 0
-1 0.0 true 0.2816726918913787 0 0 0
-1 0.0 true 0.11818594811725143 0 0 0
20 0.1420609985283938 false 0.13975604986398468 22 23 0
-1 0.0 true 0.054752382488059304 0 0 0
-1 0.0 true 0.2863456544907631 0 0 0
48 62.5 false -0.012282603646348526 25 28 0
51 0.016943340475252693 false -0.04231517570786155 26 27 0
-1 0.0 true -0.05879040162159656 0 0 0
-1 0.0 true 1.4438447442501026 0 0 0
22 0.004721785298885695 false 1.7583293575473047 29 30 0
-1 0.0 true -0.5910621032929212 0 0 0
-1 0.0 true 2.5251960144112964 0 0 0
;
67 0.018236098728900186 false -0.00980982810510674 1 16 0
69 0.12922678667001627 false -0.03111858317487858 2 9 0
24 0.0012315742416877775 false -0.0598973016661101 3 6 0
52 16.983392387873355 false -0.1092253821091618 4 5 0
-1 0.0 true -0.20385493799810162 0 0 0
-1 0.0 true -0.06097050886580198 0 0 0
65 19167.094677420053 false 0.05035580454148312 7 8 0
-1 0.0 true 0.0757430570194999 0 0 0
-1 0.0 true -0.23711319321699012 0 0 0
70 2.5616383348949263 false 0.11171536489229114 10 13 0
11 47.201753567764214 false 0.09788595632394001 11 12 0
-1 0.0 true 0.050304875273898965 0 0 0
-1 0.0 true 0.24269393072447928 0 0 0
65 2948.4904321293825 false 0.1544228816883906 14 15 0
-1 0.0 true 0.0205997223166558 0 0 0
-1 0.0 true 0.27958103048438854 0 0 0
60 0.09313787394283503 false 0.1306365097679716 17 24 0
60 0.03099833602219111 false 0.13927662249116515 18 21 0
25 0.235857165666932 false 0.19808281050236176 19 20 0
-1 0.0 true 0.236154097420304 0 0 0
-1 0.0 true 0.03803861747381142 0 0 0
44 0.10227354518221313 false 0.06159122434734532 22 23 0
-1 0.0 true 0.04361811588911834 0 0 0
-1 0.0 true 0.2884095414787491 0 0 0
56 10.314285714285713 false -0.32912445966755344 25 28 0
22 0.029313502398974185 false -0.5830996751630464 26 27 0
-1 0.0 true 0.7953798168052449 0 0 0
-1 0.0 true -0.6610062534608828 0 0 0
26 268.25 false 0.13537916697019572 29 30 0
-1 0.0 true 0.7147001169591096 0 0 0
-1 0.0 true -0.2104339597569799 0 0 0
;
67 0.01825532944661254 false -0.008842469623678639 1 16 0
69 0.16958230675679917 false -0.02479122459223971 2 9 0
36 0.04601407075476458 false -0.05062343295208824 3 6 0
51 0.002711207659726181 false -0.1194038396585538 4 5 0
-1 0.0 true -0.22131869076179497 0 0 0
-1 0.0 true -0.06607770964331955 0 0 0
54 0.20849356345524558 false 0.023299502954167804 7 8 0
-1 0.0 true 0.07050426718335331 0 0 0
-1 0.0 true -0.056673412352264065 0 0 0
65 2996.1320396388996 false 0.09791257548549062 10 13 0
49 0.3164092664092664 false 0.004753274790840313 11 12 0
-1 0.0 true 0.005292295427979654 0 0 0
-1 0.0 true -1.5242011567705671 0 0 0
68 4.386114494518879 false 0.18749612206379432 14 15 0
-1 0.0 true 0.16885354849134485 0 0 0
-1 0.0 true 0.44411592562685737 0 0 0
69 6.931288343558281 false 0.09198067880432403 17 24 0
70 0.1787993617869964 false 0.11849415272825085 18 21 0
60 0.12049013879622858 false 0.07720177329722105 19 20 0
-1 0.0 true 0.08106332334103727 0 0 0
-1 0.0 true -0.6318419889727429 0 0 0
55 67.94117647058823 false 0.18265648375333382 22 23 0
-1 0.0 true 0.1802273567572144 0 0 0
-1 0.0 true 1.127052078138357 0 0 0
34 0.7138124066212184 false 0.011833171442001817 25 28 0
44 0.043044750251980846 false -0.0022337963150898606 26 27 0
-1 0.0 true 0.07664743170214064 0 0 0
-1 0.0 true -0.09747243943587512 0 0 0
22 0.032205557493314725 false 0.922430224150173 29 30 0
-1 0.0 true 0.4901977274792331 0 0 0
-1 0.0 true 2.4180010864046118 0 0 0
;
72 0.012414543292794759 false -0.009052834389756789 1 16 0
49 0.03890622271867416 false -0.01975927034099173 2 9 0
7 1.0000086075894705 false -0.11794937299855045 3 6 0
69 0.06721042632994702 false -0.11862033314059316 4 5 0
-1 0.0 true -0.14404826318045508 0 0 0
-1 0.0 true 0.0476766737155253 0 0 0
49 0.004037934668071654 false 11.341806879520263 7 8 0
-1 0.0 true 23.65151168736214 0 0 0
-1 0.0 true 2.4139250590969623 0 0 0
11 48.74121505376347 false 0.028940969363435938 10 13 0
70 5.687584650112868 false 0.002777433717787168 11 12 0
-1 0.0 true -0.0014737202932922147 0 0 0
-1 0.0 true 0.32156323071461995 0 0 0
10 46183.105882352946 false 0.10177854995812212 14 15 0
-1 0.0 true 0.10134728728609818 0 0 0
-1 0.0 true 0.9745945993545359 0 0 0
51 0.020100499876039884 false 0.08419802589618972 17 24 0
68 8.47111111111111 false 0.08684645249436528 18 21 0
70 14.408163265306122 false 0.09642887312323165 19 20 0
-1 0.0 true 0.10103589758467758 0 0 0
-1 0.0 true -0.5181304701899343 0 0 0
7 0.4936708581045092 false -0.20687242672611608 22 23 0
-1 0.0 true 2.182497123161109 0 0 0
-1 0.0 true -0.22289252648919455 0 0 0
4 7.666666666666666 false -0.7325436486459093 25 26 0
-1 0.0 true 1.5744135446395344 0 0 0
29 0.9762420355019498 false -0.8245944422149889 27 28 0
-1 0.0 true 0.7420727160450152 0 0 0
-1 0.0 true -0.8906674619081146 0 0 0
;
72 0.012312768397861478 false -0.00802718477202376 1 16 0
33 14.510800222181073 false -0.02158186427834356 2 9 0
33 0.3087938763923964 false -0.11419045211532405 3 6 0
15 5.045454545454546 false -0.3049429791441492 4 5 0
-1 0.0 true -0.3063682103995346 0 0 0
-1 0.0 true 13.809473618854026 0 0 0
7 1.107552800734619 false -0.07985611978357353 7 8 0
-1 0.0 true -0.07928628535903648 0 0 0
-1 0.0 true -3.712343188922209 0 0 0
70 7.7225042301184414 false 0.01821697793640412 10 13 0
65 17307.09915919167 false 0.0159909932892535 11 12 0
-1 0.0 true 0.028658873796128255 0 0 0
-1 0.0 true -0.17745401640871425 0 0 0
2 0.9180535210579381 false 0.34820916436521426 14 15 0
-1 0.0 true -0.07057741416492755 0 0 0
-1 0.0 true 0.5898464878882801 0 0 0
1 0.3911266914562389 false 0.10914852139127755 17 24 0
61 0.026819020118976244 false -0.3154641640021694 18 21 0
44 0.03655652475210305 false -0.21978013017362608 19 20 0
-1 0.0 true -0.2927437213273139 0 0 0
-1 0.0 true 1.4981433931003332 0 0 0
44 0.04497785938006264 false -0.6754698677804496 22 23 0
-1 0.0 true -0.6009961189634907 0 0 0
-1 0.0 true -0.686773326414802 0 0 0
44 0.14643291232310762 false 0.11659935680660276 25 28 0
40 0.005701676395075522 false 0.12096324597239361 26 27 0
-1 0.0 true 0.11154320336256686 0 0 0
-1 0.0 true 0.6682890601435452 0 0 0
1 0.7830498576538434 false -0.45958592201053716 29 30 0
-1 0.0 true -1.0057233053525534 0 0 0
-1 0.0 true -0.302610370454524 0 0 0
;
70 0.09094583152942376 false -0.006144955297196562 1 16 0
49 0.0522800203065132 false -0.024298463169785848 2 9 0
33 386.27272727272725 false -0.06925889320966157 3 6 0
15 401.6 false -0.06931683676918092 4 5 0
-1 0.0 true -0.06937715660213971 0 0 0
-1 0.0 true 21.86480221822517 0 0 0
2 0.9842896174863387 false 7.064769837234798 7 8 0
-1 0.0 true -0.5121909113053545 0 0 0
-1 0.0 true 25.098333235520123 0 0 0
65 7725.053500875325 false 0.04090532491711191 10 13 0
72 0.007838114043403267 false 0.0804959236823471 11 12 0
-1 0.0 true 0.0779113505583125 0 0 0
-1 0.0 true 0.1208192096148143 0 0 0
72 0.008637426205475652 false -0.08550337186795147 14 15 0
-1 0.0 true -0.08305542906846472 0 0 0
-1 0.0 true -0.11362849090768629 0 0 0
67 0.11489828772135226 false 0.0742909074219443 17 24 0
65 2845.039760665606 false 0.05311184243050156 18 21 0
68 10.528301886792452 false -0.0398227019397807 19 20 0
-1 0.0 true -0.046205754984669015 0 0 0
-1 0.0 true 0.5641670341914542 0 0 0
47 177.0 false 0.1358088884836648 22 23 0
-1 0.0 true 0.13488622378781295 0 0 0
-1 0.0 true 13.794768062044929 0 0 0
70 6.7829614604462485 false 0.11049186258923244 25 28 0
1 0.7313440938974274 false 0.14499427568391068 26 27 0
-1 0.0 true 0.08833089001286161 0 0 0
-1 0.0 true 0.19687789523343058 0 0 0
70 111.5 false -0.057829023994997536 29 30 0
-1 0.0 true -0.062443941860549926 0 0 0
-1 0.0 true 4.350121037391354 0 0 0
;
11 18.51302486237541 false -0.011771590694198048 1 16 0
44 0.019495364653402705 false -0.0762444635772094 2 9 0
69 10.492753623188406 false -0.15931892005555265 3 6 0
15 216.75 false -0.15646016534173737 4 5 0
-1 0.0 true -0.15628095280215193 0 0 0
-1 0.0 true -0.850875765207584 0 0 0
49 0.7808857808857809 false -0.39273962838506477 7 8 0
-1 0.0 true -0.34970162864903664 0 0 0
-1 0.0 true -3.080147093876723 0 0 0
67 0.015189934555289913 false -0.01419037632342862 10 13 0
65 23202.701700495883 false -0.025727038080816535 11 12 0
-1 0.0 true -0.010613002386377383 0 0 0
-1 0.0 true -0.3459315143318347 0 0 0
41 360.34666666666675 false 0.058505723384876154 14 15 0
-1 0.0 true 0.080724663509576 0 0 0
-1 0.0 true -0.29410079350148177 0 0 0
11 62.391183813506125 false 0.030648221240663114 17 24 0
70 0.10877176550960424 false 0.011482506672814634 18 21 0
24 0.0025647175772874333 false -0.003207010553279436 19 20 0
-1 0.0 true -0.01615216658214327 0 0 0
-1 0.0 true 0.08984114478919179 0 0 0
65 1458.8150822146317 false 0.06881244171953547 22 23 0
-1 0.0 true 0.0368951467991413 0 0 0
-1 0.0 true 0.0805799747985097 0 0 0
36 0.16997350789646448 false 0.09780064193372658 25 28 0
33 559.3076923076924 false 0.09493260552062646 26 27 0
-1 0.0 true 0.09471691320160587 0 0 0
-1 0.0 true 18.48308381733731 0 0 0
49 0.17354653125455455 false 0.997672593846095 29 30 0
-1 0.0 true 6.01131142664654 0 0 0
-1 0.0 true 0.7749883748996177 0 0 0
;
67 0.018221657427774096 false -0.00539030570715123 1 14 0
33 565.5882352941178 false -0.015703222702446375 2 9 0
44 0.04524521177839887 false -0.015581289833053295 3 6 0
11 38.28181818181817 false -0.04136787734867334 4 5 0
-1 0.0 true -0.06672664979155973 0 0 0
-1 0.0 true 0.02694919167762077 0 0 0
69 2.5963798777621068 false 0.05892808121593619 7 8 0
-1 0.0 true 0.051496168506997474 0 0 0
-1 0.0 true 0.14390119707785554 0 0 0
69 0.8 false -3.888655820681122 10 13 0
65 1323.080755511424 false -2.5152468660127862 11 12 0
-1 0.0 true 0.5702641465187944 0 0 0
-1 0.0 true -4.058002372278578 0 0 0
-1 0.0 true -7.438039772013229 0 0 0
20 0.1233121295985079 false 0.05505732897669663 15 22 0
44 0.046364097117327016 false -0.00112111358332372 16 19 0
69 1.2628520339740725 false 0.07822074052039622 17 18 0
-1 0.0 true 0.2891758943064656 0 0 0
-1 0.0 true 0.009903787773703526 0 0 0
70 9.563636363636363 false -0.06476107302488053 20 21 0
-1 0.0 true -0.05011166761045877 0 0 0
-1 0.0 true -0.49712259903555434 0 0 0
25 0.24017722413542994 false 0.11863950213424154 23 26 0
50 3669.064516129032 false 0.15488202638664525 24 25 0
-1 0.0 true 0.15391542719321036 0 0 0
-1 0.0 true 0.439416732007903 0 0 0
24 0.0027951357875969046 false -0.0577300904364734 27 28 0
-1 0.0 true -0.12717594605775995 0 0 0
-1 0.0 true 0.4330458313889225 0 0 0
;
67 0.018050975524619328 false -0.008991489403194644 1 16 0
69 0.14248991644509895 false -0.019167703029939177 2 9 0
49 0.04101403426496139 false -0.0349827256731077 3 6 0
24 0.005989199646988578 false -0.10654523467107334 4 5 0
-1 0.0 true -0.10754244072113034 0 0 0
-1 0.0 true 2.8469395934872224 0 0 0
65 11733.987565531304 false 0.009484652851613089 7 8 0
-1 0.0 true 0.03436374714176162 0 0 0
-1 0.0 true -0.1666697269854484 0 0 0
49 0.3499000999000999 false 0.04812016553864656 10 13 0
65 1680.8253567928846 false 0.04884416936549831 11 12 0
-1 0.0 true -0.0052853225042572395 0 0 0
-1 0.0 true 0.07682827336473289 0 0 0
1 0.20238095238095236 false -1.3702116220826572 14 15 0
-1 0.0 true -1.5037914567946056 0 0 0
-1 0.0 true -1.1298614063961454 0 0 0
20 0.14114217603258924 false 0.0499814854257473 17 24 0
0 0.13410731764265288 false 0.0035766683241096778 18 21 0
23 0.051846525267943276 false 0.0718918880342047 19 20 0
-1 0.0 true 0.19705097026617135 0 0 0
-1 0.0 true 0.009712435420165415 0 0 0
48 -3.701253874330796 false -0.03730037269814051 22 23 0
-1 0.0 true -0.10682989677799841 0 0 0
-1 0.0 true 0.03188923368701097 0 0 0
54 0.2516454383665651 false 0.12702413824587283 25 28 0
2 0.20238095238095238 false 0.15402876892399275 26 27 0
-1 0.0 true 1.492503856394269 0 0 0
-1 0.0 true 0.14931807895941435 0 0 0
65 27665.046188666354 false -0.10026467612121001 29 30 0
-1 0.0 true -0.13271868447455237 0 0 0
-1 0.0 true 1.075260271244123 0 0 0
;
72 0.012377040605527136 false -0.0015032234309301342 1 14 0
33 565.0 false -0.010362055423233226 2 9 0
24 0.004970221128754476 false -0.010199092367281089 3 6 0
6 0.6725345639224718 false -0.014139456405268314 4 5 0
-1 0.0 true -0.09412136014596767 0 0 0
-1 0.0 true 0.006461993194987585 0 0 0
36 0.22735863088889866 false 0.17615268164519632 7 8 0
-1 0.0 true 0.17457319741014346 0 0 0
-1 0.0 true 19.200081554096535 0 0 0
65 515.2094247222526 false -2.649276980866186 10 11 0
-1 0.0 true 0.558608122358349 0 0 0
0 0.16341451834971274 false -3.0179127583942105 12 13 0
-1 0.0 true -1.5640769060689275 0 0 0
-1 0.0 true -4.672277027977267 0 0 0
39 34.63253012048193 false 0.06888757853179461 15 22 0
32 215.16666666666663 false 0.5812849992137926 16 19 0
19 95.66666666666666 false 0.4243180410364582 17 18 0
-1 0.0 true 0.7320921771816278 0 0 0
-1 0.0 true -0.4169769527606724 0 0 0
36 0.06336962701702159 false 1.8973629747877896 20 21 0
-1 0.0 true 2.6538666413327228 0 0 0
-1 0.0 true -0.5954196784523321 0 0 0
20 0.047378960783282534 false 0.06313171027339787 23 26 0
38 0.10415754805091251 false 0.17276424489982503 24 25 0
-1 0.0 true 0.2023993356200334 0 0 0
-1 0.0 true -1.348016544642077 0 0 0
1 0.7197389425893994 false 0.057579697347368654 27 28 0
-1 0.0 true 0.002730898553734447 0 0 0
-1 0.0 true 0.0976972682724435 0 0 0
;
52 18.387534278394867 false -0.002695669781920351 1 16 0
7 1.1035367818456052 false -0.08547746867721584 2 9 0
69 15.967032967032967 false -0.08464639146534957 3 6 0
68 14.4 false -0.08355939060023367 4 5 0
-1 0.0 true -0.08403765278057804 0 0 0
-1 0.0 true 3.808809336348167 0 0 0
37 0.6578895111005202 false -0.3746611438298456 7 8 0
-1 0.0 true -0.4090253707814448 0 0 0
-1 0.0 true 2.569432187731383 0 0 0
8 9.5 false -2.020925286843262 10 13 0
69 0.2 false -0.5121447787473322 11 12 0
-1 0.0 true -0.5064936525941666 0 0 0
-1 0.0 true -0.5313615424098096 0 0 0
2 0.6965417189792316 false -2.290831711263009 14 15 0
-1 0.0 true -3.3038595646071443 0 0 0
-1 0.0 true -1.4029866875840382 0 0 0
65 20356.549321740087 false 0.021423142682726215 17 24 0
45 633.3232095620651 false 0.030460012892335832 18 21 0
33 570.1666666666667 false 0.02122766838462617 19 20 0
-1 0.0 true 0.021370228681611207 0 0 0
-1 0.0 true -1.0979393081715716 0 0 0
11 60.11367673179396 false 0.18329077462939253 22 23 0
-1 0.0 true 0.15572723674613603 0 0 0
-1 0.0 true 0.4548380965843063 0 0 0
67 0.02253951429373071 false -0.1759915870905604 25 28 0
71 0.0025515085794475985 false -0.1892582342033403 26 27 0
-1 0.0 true -0.1957267146441495 0 0 0
-1 0.0 true 0.7361417872824446 0 0 0
22 0.08227701586479234 false -0.12040533142916199 29 30 0
-1 0.0 true -0.1618851033805185 0 0 0
-1 0.0 true 0.8638606336729155 0 0 0
;
33 567.6500000000001 false -0.002723352710645655 1 16 0
11 63.73778127665158 false -0.002589223930883684 2 9 0
45 372.32146781874206 false -0.014608170542305895 3 6 0
36 0.3323661413213652 false -0.03753528710468794 4 5 0
-1 0.0 true -0.03765250367388697 0 0 0
-1 0.0 true 0.8603629020287737 0 0 0
19 10548.679999999997 false 0.04790910464378117 7 8 0
-1 0.0 true 0.04639493715228464 0 0 0
-1 0.0 true 1.55714708101529 0 0 0
14 0.06850426245651348 false 0.07235561054788521 10 13 0
45 832.888412017167 false 0.07196910260279642 11 12 0
-1 0.0 true 0.06838933807890907 0 0 0
-1 0.0 true 0.46869098092685163 0 0 0
65 3941.773891687979 false 5.021323239997996 14 15 0
-1 0.0 true 6.010245900759057 0 0 0
-1 0.0 true -0.5143590025224872 0 0 0
11 355.6 false -1.0144402997269868 17 22 0
65 593.1623151220209 false -0.8783663002345558 18 19 0
-1 0.0 true 0.5689011348957002 0 0 0
65 1463.4677002064552 false -0.9712647080289899 20 21 0
-1 0.0 true -1.0262014491473377 0 0 0
-1 0.0 true -0.8948777301399271 0 0 0
-1 0.0 true -1.5670806602252974 0 0 0
;
6 0.5984888803034302 false -0.0033748117402189687 1 16 0
69 7.393393393393393 false -0.13607444275229397 2 9 0
44 0.1451647362751332 false -0.13278875859354086 3 6 0
49 0.13947325660249196 false -0.13616150815611075 4 5 0
-1 0.0 true -0.1456626957238397 0 0 0
-1 0.0 true 0.34545214147197295 0 0 0
31 1650.0 false 0.6770388101077179 7 8 0
-1 0.0 true 2.7743615748185277 0 0 0
-1 0.0 true 0.18844068290996013 0 0 0
41 1593.4444444444441 false -0.24850663920812052 10 13 0
25 0.5624187109561434 false -0.1827034528500136 11 12 0
-1 0.0 true -0.19546309600716183 0 0 0
-1 0.0 true 13.771118790202229 0 0 0
65 4168.158985558241 false -0.6061622096031697 14 15 0
-1 0.0 true -0.43559228177138387 0 0 0
-1 0.0 true -0.7308755958331699 0 0 0
49 0.0434166657564512 false 0.010801786728853143 17 24 0
68 1.2660557464681177 false -0.031120589613959398 18 21 0
62 87.40349929798032 false -0.03810409750192178 19 20 0
-1 0.0 true -0.046723718417567235 0 0 0
-1 0.0 true 0.10418089227955289 0 0 0
20 0.015429849951752735 false 0.06293668856974871 22 23 0
-1 0.0 true 1.8251126392507795 0 0 0
-1 0.0 true 0.051007571751166235 0 0 0
67 0.025671766582735886 false 0.03809671369845564 25 28 0
65 11882.418781751987 false 0.035801821500926964 26 27 0
-1 0.0 true 0.05510806010466889 0 0 0
-1 0.0 true -0.10026373475209523 0 0 0
20 0.12858666697527824 false 0.04900448693123524 29 30 0
-1 0.0 true -0.004004891208846255 0 0 0
-1 0.0 true 0.11296620693989752 0 0 0
;
65 13880.616557516361 false -0.0026319665779443316 1 16 0
49 0.06835124928332474 false 0.007699506388768608 2 9 0
24 4.4163995787161765E-4 false -0.010669475965768801 3 6 0
69 21.636363636363633 false -0.09096486047993922 4 5 0
-1 0.0 true -0.09009088727260767 0 0 0
-1 0.0 true -0.4847817614016883 0 0 0
65 573.3528284091578 false 0.010726472311052037 7 8 0
-1 0.0 true 0.1772074224435486 0 0 0
-1 0.0 true -0.00956798042417174 0 0 0
48 844.25 false 0.07225893010758112 10 13 0
54 0.22354152635871286 false 0.07174570307210598 11 12 0
-1 0.0 true 0.10270505598123282 0 0 0
-1 0.0 true 0.010878495288664879 0 0 0
4 21.8 false 4.857274008342571 14 15 0
-1 0.0 true 30.94068950199732 0 0 0
-1 0.0 true 0.899483731798084 0 0 0
69 16.216494845360828 false -0.11894494544243818 17 24 0
69 13.350877192982455 false -0.11653717578198163 18 21 0
69 8.346428571428572 false -0.1207103792588636 19 20 0
-1 0.0 true -0.11807599094446962 0 0 0
-1 0.0 true -0.20952125385224832 0 0 0
12 34.199999999999996 false 0.4656677175348274 22 23 0
-1 0.0 true 1.8875793218152248 0 0 0
-1 0.0 true -0.12344208452927619 0 0 0
45 87.16666666666666 false -0.26321901645810747 25 28 0
5 535871.0 false 1.1457875428248014 26 27 0
-1 0.0 true 1.639435288925312 0 0 0
-1 0.0 true -0.6036602995594391 0 0 0
60 0.015917432769075483 false -0.3502425244713114 29 30 0
-1 0.0 true 0.35153905628536625 0 0 0
-1 0.0 true -0.5224523603659068 0 0 0
;
13 0.21591262679010076 false -0.00136351484567948 1 12 0
67 0.0029138614651800206 false -0.24980231741963424 2 7 0
15 227.8181818181818 false -0.24775097425077136 3 6 0
49 0.8333333333333333 false -0.24718939572948515 4 5 0
-1 0.0 true -0.24647408151524886 0 0 0
-1 0.0 true -1.0368519211825251 0 0 0
-1 0.0 true -0.7426483921787806 0 0 0
68 7.333333333333332 false -0.30176343105449793 8 11 0
20 1.1851851851851851 false -0.34370316523358985 9 10 0
-1 0.0 true -0.3633495765745039 0 0 0
-1 0.0 true 2.1390120280900944 0 0 0
-1 0.0 true 5.2529095994423605 0 0 0
7 1.1076088943736004 false 0.00807663007196578 13 20 0
45 315.34971304818623 false 0.008229927625709925 14 17 0
69 39.102040816326536 false -0.012932312991243868 15 16 0
-1 0.0 true -0.012458407311958072 0 0 0
-1 0.0 true -0.5398842067219113 0 0 0
10 21284.377892030858 false 0.05443204174757216 18 19 0
-1 0.0 true 0.053190476275489076 0 0 0
-1 0.0 true 0.7578351123392316 0 0 0
7 1.2374999999999998 false -0.9474446901100493 21 24 0
2 0.6965060549903188 false -0.9495963116521932 22 23 0
-1 0.0 true -1.0742351489614694 0 0 0
-1 0.0 true -0.8694354000734676 0 0 0
-1 0.0 true -0.502064190348285 0 0 0
;
67 0.017882968952885662 false -0.0026674998464211665 1 16 0
49 0.06476104881036354 false -0.009468918566307799 2 9 0
68 3.333555259653795 false -0.0327091525191654 3 6 0
10 46258.97260273972 false -0.03667332863852442 4 5 0
-1 0.0 true -0.036862460102319625 0 0 0
-1 0.0 true 1.5571491687649535 0 0 0
54 0.3490362406083657 false 0.1754202569895016 7 8 0
-1 0.0 true 0.1705377269914087 0 0 0
-1 0.0 true 11.738641619661468 0 0 0
54 0.251933248651578 false 0.05614188064289707 10 13 0
26 193.7151828148148 false 0.084924472404013 11 12 0
-1 0.0 true 0.12277795278074434 0 0 0
-1 0.0 true -0.03473500982318677 0 0 0
68 14.25 false -0.05681777470043355 14 15 0
-1 0.0 true -0.05944989934566918 0 0 0
-1 0.0 true 1.6757757178879684 0 0 0
63 214.71967261904769 false 0.035501356689634785 17 24 0
38 0.0929732916522499 false 0.09696016162073831 18 21 0
10 7907.75 false 0.09994599454387097 19 20 0
-1 0.0 true 0.0970496351248623 0 0 0
-1 0.0 true 1.639631238158777 0 0 0
5 22500.5 false -0.8995569830125297 22 23 0
-1 0.0 true -1.68953479477141 0 0 0
-1 0.0 true -0.7630569070035066 0 0 0
57 0.16805137291197042 false -0.002087671547853421 25 28 0
2 0.9916643533358316 false 0.0023057184696004328 26 27 0
-1 0.0 true 0.007571813591987082 0 0 0
-1 0.0 true -0.15906671794070218 0 0 0
14 0.010628633868838328 false -0.43236042937674146 29 30 0
-1 0.0 true -0.5211420740027609 0 0 0
-1 0.0 true 1.8156508887458025 0 0 0
;
65 15114.129797086029 false -0.00760797926326639 1 16 0
65 684.4036054797429 false 0.0017604559251545536 2 9 0
45 601.2004429678848 false 0.07869857142466735 3 6 0
65 68.2290766519301 false 0.06104102922537216 4 5 0
-1 0.0 true 0.49649944311426397 0 0 0
-1 0.0 true 0.04189422011191542 0 0 0
65 95.9646721436624 false 0.4437108217630072 7 8 0
-1 0.0 true 2.088394133184216 0 0 0
-1 0.0 true 0.28068023511134477 0 0 0
49 0.03355811066892709 false -0.01110869250905771 10 13 0
72 0.005996157158947857 false -0.11033008246224167 11 12 0
-1 0.0 true -0.11207939468225221 0 0 0
-1 0.0 true -0.0917146871787268 0 0 0
65 3067.7237431666804 false 0.011746873236805143 14 15 0
-1 0.0 true -0.04306029362863307 0 0 0
-1 0.0 true 0.05764307517617192 0 0 0
67 0.021483566520407317 false -0.13779409402029016 17 24 0
69 10.365384615384615 false -0.15225934375918665 18 21 0
69 7.473988439306359 false -0.15042932811469265 19 20 0
-1 0.0 true -0.15690038878002377 0 0 0
-1 0.0 true 0.5810691723574524 0 0 0
57 0.08499675430055176 false -0.44997699323645324 22 23 0
-1 0.0 true -0.5434121138734681 0 0 0
-1 0.0 true 5.384509538466598 0 0 0
22 0.13856722900327323 false -0.08384304591281741 25 28 0
45 576.0714285714282 false -0.09239676507146619 26 27 0
-1 0.0 true -0.020146967975780156 0 0 0
-1 0.0 true -0.25568746618913274 0 0 0
24 0.008680863521313628 false 1.1682575605018335 29 30 0
-1 0.0 true 1.3861458357764218 0 0 0
-1 0.0 true 0.6612192717302963 0 0 0
;
33 568.8888888888889 false -0.008345455612404126 1 14 0
6 0.6509645890912233 false -0.00820806099540646 2 7 0
68 29.333333333333332 false -0.07602814656842645 3 6 0
70 10.435185185185185 false -0.07620747304097818 4 5 0
-1 0.0 true -0.0742933834094726 0 0 0
-1 0.0 true -0.416387304756541 0 0 0
-1 0.0 true 5.327069705506435 0 0 0
10 44219.42307692307 false 0.004242628823612988 8 11 0
64 624.6678494623656 false 0.004132952058157848 9 10 0
-1 0.0 true 0.003979581352789066 0 0 0
-1 0.0 true 1.3194356829706566 0 0 0
41 3035.5 false 1.8180266230404825 12 13 0
-1 0.0 true -0.559888360415056 0 0 0
-1 0.0 true 5.444954557612742 0 0 0
11 344.25 false -0.9503301193528637 15 18 0
68 0.6666666666666666 false -0.8352639384528643 16 17 0
-1 0.0 true -0.8735540049594139 0 0 0
-1 0.0 true -0.751031782401164 0 0 0
1 0.7373184734886862 false -1.1165747812037943 19 20 0
-1 0.0 true -1.037209890149521 0 0 0
-1 0.0 true -1.1980647206327752 0 0 0
;
24 0.002324226913119692 false -0.0035623110354175876 1 14 0
63 732.5648748997287 false -0.013009056130257558 2 9 0
24 3.9964104071196673E-4 false -0.006426348664602511 3 6 0
42 77.28571428571428 false -0.09541062658228895 4 5 0
-1 0.0 true -0.09561439592773917 0 0 0
-1 0.0 true 25.06176756040255 0 0 0
59 3726.340909090909 false 0.014273121915593845 7 8 0
-1 0.0 true 0.013898309707934237 0 0 0
-1 0.0 true 1.0021635511342715 0 0 0
70 115.66666666666666 false -0.09309380220231928 10 13 0
69 5.4008528784648195 false -0.09257076164910057 11 12 0
-1 0.0 true -0.08491896734566519 0 0 0
-1 0.0 true -0.21540373344548497 0 0 0
-1 0.0 true -1.2332225380709527 0 0 0
70 12.89873417721519 false 0.047199320854345 15 22 0
36 0.22449933045112283 false 0.049749671953503605 16 19 0
69 23.454545454545453 false 0.05008168304484182 17 18 0
-1 0.0 true 0.051870662219391205 0 0 0
-1 0.0 true -0.39389193985775056 0 0 0
69 0.16666666666666666 false -1.0606356543822009 20 21 0
-1 0.0 true -2.579716958652498 0 0 0
-1 0.0 true 1.4618045327289528 0 0 0
39 44.368421052631575 false -0.34259336009581914 23 26 0
18 0.2727272727272727 false -0.5084580403990764 24 25 0
-1 0.0 true -0.5427594640398505 0 0 0
-1 0.0 true 2.2890385336352574 0 0 0
61 0.04131888103565854 false 0.5389896451709001 27 28 0
-1 0.0 true -0.2850382302211284 0 0 0
-1 0.0 true 2.3994384438617042 0 0 0
;
65 23683.91114274224 false -2.7402430850276624E-4 1 16 0
62 380.49999999999994 false 0.0059060227367909515 2 9 0
20 0.24207451260046037 false 0.005375540710474622 3 6 0
49 0.03182682322887491 false 0.02081227028609314 4 5 0
-1 0.0 true -0.03643949270848704 0 0 0
-1 0.0 true 0.03124495712976767 0 0 0
40 0.003848973939754474 false -0.0562474719648694 7 8 0
-1 0.0 true -0.061815800288013 0 0 0
-1 0.0 true 0.2579540655548002 0 0 0
14 0.010848193199034307 false 0.8224772267982459 10 13 0
47 9.000000000000002 false 0.16140783621411509 11 12 0
-1 0.0 true 3.373668847234907 0 0 0
-1 0.0 true -0.3601629935260802 0 0 0
65 118.16986499743741 false 1.8778692479546515 14 15 0
-1 0.0 true 6.119095269967815 0 0 0
-1 0.0 true 1.7117580624463722 0 0 0
68 14.4 false -0.20588697740806794 17 24 0
70 8.4 false -0.20817614533241044 18 21 0
69 5.431472081218274 false -0.204578107153091 19 20 0
-1 0.0 true -0.2334973927939483 0 0 0
-1 0.0 true 0.2535520601167949 0 0 0
34 0.6486742424242424 false -0.45716474923500283 22 23 0
-1 0.0 true -0.590178184557749 0 0 0
-1 0.0 true 1.3712406016146668 0 0 0
0 0.11473429951690821 false 1.3313039130947608 25 28 0
1 0.7044117647058823 false 2.1411428261639505 26 27 0
-1 0.0 true 3.3563262249050347 0 0 0
-1 0.0 true 0.9041394306885975 0 0 0
0 0.13282808137215796 false -0.5433960172248233 29 30 0
-1 0.0 true -0.5473107645042999 0 0 0
-1 0.0 true -0.5326507355155881 0 0 0
;
65 25426.91660970795 false 1.9421672834920453E-4 1 16 0
6 0.6189666978571464 false 0.004611697967242304 2 9 0
62 392.80952380952374 false -0.08080341750048947 3 6 0
67 0.0100881803316982 false -0.08376292491521706 4 5 0
-1 0.0 true -0.08310292660351928 0 0 0
-1 0.0 true -0.09017972304758853 0 0 0
72 0.016129032258064516 false 0.6026124759960924 7 8 0
-1 0.0 true 0.5454309702228913 0 0 0
-1 0.0 true 1.56065781035837 0 0 0
11 61.320511421504435 false 0.015309475550230968 10 13 0
18 0.7866497676383608 false 0.007411661633328048 11 12 0
-1 0.0 true 0.007370921093290435 0 0 0
-1 0.0 true 27.82106912116056 0 0 0
68 30.666666666666664 false 0.058473644480296974 14 15 0
-1 0.0 true 0.05811865899401228 0 0 0
-1 0.0 true 2.640240296884042 0 0 0
67 0.013484719347376111 false -0.18246782229614292 17 24 0
52 384.5 false -0.18290446264797677 18 21 0
11 195.5 false -0.18566164059298781 19 20 0
-1 0.0 true -0.18862456919057524 0 0 0
-1 0.0 true 7.119160083127658 0 0 0
8 2084.333333333333 false 2.406984124969501 22 23 0
-1 0.0 true 37.1568146820227 0 0 0
-1 0.0 true 1.007546155723544 0 0 0
0 0.1833980044345898 false -0.1803157685070373 25 28 0
0 0.0027272727272727275 false -0.22802701880830575 26 27 0
-1 0.0 true 0.24686908209484207 0 0 0
-1 0.0 true -0.3233631151055349 0 0 0
57 0.07833333333333332 false 1.313928739921669 29 30 0
-1 0.0 true 1.993452730569635 0 0 0
-1 0.0 true 0.06371015742574933 0 0 0
;
68 66.0 false 0.003157866482122732 1 16 0
18 0.8633291085762568 false 0.0032099063941947487 2 9 0
44 0.018784113759315893 false 0.003510135249527699 3 6 0
59 5763.842105263157 false -0.05105090931627631 4 5 0
-1 0.0 true -0.051403821050320445 0 0 0
-1 0.0 true 1.3910390181908354 0 0 0
70 16.842105263157894 false 0.022462484544828312 7 8 0
-1 0.0 true 0.023006157484856737 0 0 0
-1 0.0 true -0.2931324456504401 0 0 0
65 2398.288787551899 false -36.59045588974273 10 13 0
9 137.5 false -25.576159314766322 11 12 0
-1 0.0 true -38.39712142476733 0 0 0
-1 0.0 true 0.506482412301563 0 0 0
6 0.7115271434958038 false -40.969029201500746 14 15 0
-1 0.0 true -43.06443982358984 0 0 0
-1 0.0 true -39.06589003752831 0 0 0
0 0.14228826728826727 false -1.2169810027590797 17 18 0
-1 0.0 true -0.9839026917467002 0 0 0
-1 0.0 true -1.797165891186494 0 0 0
;
13 0.6826987017543021 false -0.005792005519077665 1 16 0
69 5.754958246346558 false -0.05324237626850579 2 9 0
49 0.17397365393555245 false -0.050146037213591274 3 6 0
33 571.4615384615385 false -0.052450518727470447 4 5 0
-1 0.0 true -0.05226245495278631 0 0 0
-1 0.0 true -0.6361387985592745 0 0 0
69 1.125 false 0.45527124101289573 7 8 0
-1 0.0 true 0.35607759573187964 0 0 0
-1 0.0 true 1.0499968846201313 0 0 0
65 27912.042898815704 false -0.10038269609554062 10 13 0
67 0.37292576419213974 false -0.11249333849888299 11 12 0
-1 0.0 true -0.03695851423701042 0 0 0
-1 0.0 true -0.15167999657504935 0 0 0
37 0.24265734265734262 false 0.7919577392810128 14 15 0
-1 0.0 true 0.2819480166928952 0 0 0
-1 0.0 true 3.6834693177533793 0 0 0
55 58.91187739463603 false 0.013401927983989656 17 24 0
23 0.10760617351788256 false 0.012538706092156626 18 21 0
69 0.13690054929598316 false 0.03209280454264819 19 20 0
-1 0.0 true 0.023977805593757402 0 0 0
-1 0.0 true 0.05027433299613725 0 0 0
36 0.3274400839834053 false -0.009245032594237139 22 23 0
-1 0.0 true -0.009404566621597455 0 0 0
-1 0.0 true 0.8036892872101026 0 0 0
23 1.7011784511784511 false 0.5188367392913178 25 28 0
69 10.4 false 0.44954399512558696 26 27 0
-1 0.0 true 0.42875015420868307 0 0 0
-1 0.0 true 5.004794901411726 0 0 0
4 367.33333333333337 false 11.486118942886666 29 30 0
-1 0.0 true -0.5125892546997579 0 0 0
-1 0.0 true 14.330101448262713 0 0 0
;
70 120.0 false -0.0035846181831035986 1 16 0
65 7746.443852752571 false -0.0035313939561828784 2 9 0
45 372.68929853705606 false 0.007773211350263062 3 6 0
65 366.0009172670337 false -0.0059487963132225635 4 5 0
-1 0.0 true 0.13030234850173997 0 0 0
-1 0.0 true -0.017417446823837092 0 0 0
8 2353.179775280899 false 0.05322303529787262 7 8 0
-1 0.0 true 0.04935309105285051 0 0 0
-1 0.0 true 0.7586491357472231 0 0 0
68 3.323671497584541 false -0.051932377137535055 10 13 0
62 253.9439252336449 false -0.06022581383771298 11 12 0
-1 0.0 true -0.05846055476531744 0 0 0
-1 0.0 true -0.47759701664415605 0 0 0
13 0.8724462365457006 false 0.12238519740153506 14 15 0
-1 0.0 true 0.020709400593783095 0 0 0
-1 0.0 true 0.4584681385836751 0 0 0
0 0.1488483268144285 false -0.8919710495784214 17 18 0
-1 0.0 true -0.8592044262529964 0 0 0
-1 0.0 true -0.9240745336497852 0 0 0
;
70 127.25 false -3.9534626721494595E-4 1 14 0
14 0.08460993703636781 false -3.2805580280353795E-4 2 9 0
69 8.502761022852773 false -3.782271640802602E-4 3 6 0
69 1.3128235735006317 false 0.0019199112686517873 4 5 0
-1 0.0 true -0.005733944361018305 0 0 0
-1 0.0 true 0.035880514028885556 0 0 0
72 0.4897482014388489 false -0.06499113076358644 7 8 0
-1 0.0 true 0.02882962037751211 0 0 0
-1 0.0 true -0.09825158295606048 0 0 0
0 0.06666666666666667 false 2.7554001374334662 10 13 0
65 3941.773891687979 false 2.5302720579055133 11 12 0
-1 0.0 true 3.1089489729374633 0 0 0
-1 0.0 true -0.5135330115289338 0 0 0
-1 0.0 true 3.01692709186073 0 0 0
3 0.6666666666666666 false -0.7925523202241466 15 16 0
-1 0.0 true -0.8214001328329674 0 0 0
-1 0.0 true -0.7775858711786394 0 0 0
;
65 2771.9259378257775 false 0.0014698192867672664 1 16 0
65 450.53697287355556 false -0.024888583311699606 2 9 0
44 0.034084152492345685 false 0.1267867168332658 3 6 0
33 399.1111111111111 false 0.0873867083375549 4 5 0
-1 0.0 true 0.08856272722692697 0 0 0
-1 0.0 true -9.713312149437197 0 0 0
65 205.4894272842979 false 0.2020826501794344 7 8 0
-1 0.0 true 0.36507392555948237 0 0 0
-1 0.0 true 0.12704126288775666 0 0 0
67 0.011807275718112083 false -0.054278875087816966 10 13 0
33 563.7777777777778 false -0.05191692459579583 11 12 0
-1 0.0 true -0.05173388948746426 0 0 0
-1 0.0 true -0.8426575069763866 0 0 0
20 0.13269018430275958 false -0.07769516031670833 14 15 0
-1 0.0 true -0.16177015220753682 0 0 0
-1 0.0 true 0.02894755070496461 0 0 0
65 5668.340668154856 false 0.026525139541328638 17 24 0
69 5.014127619496118 false 0.07756286012693574 18 21 0
49 0.14044005935210904 false 0.07376551731352071 19 20 0
-1 0.0 true 0.06910603987365282 0 0 0
-1 0.0 true 0.4718977686416403 0 0 0
15 216.99999999999997 false 0.11907695442468313 22 23 0
-1 0.0 true 0.11460035693019348 0 0 0
-1 0.0 true 2.227101334184547 0 0 0
70 12.875 false -0.016259040603611087 25 28 0
69 24.824999999999996 false -0.013992988140600205 26 27 0
-1 0.0 true -0.015158816989042628 0 0 0
-1 0.0 true 0.42386518608090806 0 0 0
24 3.5456524977734187E-4 false -0.3710857999944173 29 30 0
-1 0.0 true 0.6710471650122701 0 0 0
-1 0.0 true -0.4317496134721046 0 0 0
;
70 12.440781440781445 false -0.0016731750282724576 1 16 0
7 1.0000305885642349 false -8.870533407733888E-4 2 9 0
69 9.123427486351773 false -6.547859184926182E-4 3 6 0
11 56.37659145516311 false 0.0011238482933009675 4 5 0
-1 0.0 true -0.007420721186913185 0 0 0
-1 0.0 true 0.03809323982180995 0 0 0
38 0.09267725220048412 false -0.0734841283766103 7 8 0
-1 0.0 true -0.06805425443712163 0 0 0
-1 0.0 true -0.7245773247792269 0 0 0
5 33864.666666666664 false -0.7134994178922056 10 13 0
25 0.013617892095246938 false -0.563665552500274 11 12 0
-1 0.0 true -0.5828283338745869 0 0 0
-1 0.0 true -0.5079331425370507 0 0 0
65 1879.572587776097 false -0.7508757877117131 14 15 0
-1 0.0 true -0.9820210592159464 0 0 0
-1 0.0 true 0.20933269454454476 0 0 0
32 2188.0 false -0.19566270925745882 17 22 0
14 0.018513038943280304 false -0.20264181232371556 18 21 0
11 191.0 false -0.1911767949546743 19 20 0
-1 0.0 true -0.19779084060966198 0 0 0
-1 0.0 true 2.4258470137442263 0 0 0
-1 0.0 true -0.948976613169677 0 0 0
-1 0.0 true 4.098697971169206 0 0 0
;
32 516.5738865453965 false -1.7071654514756924E-4 1 16 0
49 0.032743449154822 false 0.008869602942768914 2 9 0
68 16.6 false -0.06369722458834394 3 6 0
72 0.005590823031517986 false -0.0641592792531371 4 5 0
-1 0.0 true -0.06458718188062419 0 0 0
-1 0.0 true -0.05959232419083858 0 0 0
23 0.1346938775510204 false 1.284417252952882 7 8 0
-1 0.0 true 6.812843967815934 0 0 0
-1 0.0 true -0.54034997563719 0 0 0
54 0.20892576934707432 false 0.02489545993766678 10 13 0
69 0.1440868670282272 false 0.0437194889391343 11 12 0
-1 0.0 true 0.04146547446254738 0 0 0
-1 0.0 true 0.048845196090682434 0 0 0
36 0.2238552734541432 false -0.028275400879033755 14 15 0
-1 0.0 true -0.02773945812449235 0 0 0
-1 0.0 true -1.5117373011964967 0 0 0
44 0.19810292296104282 false -0.03831236648045664 17 24 0
44 0.03637260565760604 false -0.038250721087136515 18 21 0
33 564.1428571428571 false -0.09778252207363741 19 20 0
-1 0.0 true -0.09717141146618669 0 0 0
-1 0.0 true -0.8111057418234577 0 0 0
67 0.04310932766578376 false -0.0062573068133635985 22 23 0
-1 0.0 true 0.007083615763136283 0 0 0
-1 0.0 true -0.04937291798661575 0 0 0
69 0.09375 false -0.26074294095994616 25 28 0
14 0.018356122062939677 false 0.2170312764390382 26 27 0
-1 0.0 true -0.5115289136129824 0 0 0
-1 0.0 true 2.4952257473083335 0 0 0
-1 0.0 true -2.021248074954926 0 0 0
;
16 7.485850159819134 false 2.1334834495996682E-4 1 16 0
64 26.29692359724543 false -0.007626904056261799 2 9 0
52 34.91014586560022 false 0.021033400802987785 3 6 0
67 0.009967737275485144 false -0.004526205094133356 4 5 0
-1 0.0 true -0.011014091130118352 0 0 0
-1 0.0 true 0.039397717974157226 0 0 0
51 0.013566050213639505 false 0.08382040418165916 7 8 0
-1 0.0 true 0.0770349097149429 0 0 0
-1 0.0 true 0.7256716339603309 0 0 0
12 635.4782608695651 false -0.026972724637161393 10 13 0
49 0.2982632310218517 false -0.0271000108968622 11 12 0
-1 0.0 true -0.02699865126835244 0 0 0
-1 0.0 true -0.9239359867364632 0 0 0
1 0.5982353887465814 false 1.636968194900465 14 15 0
-1 0.0 true 3.7387358652226133 0 0 0
-1 0.0 true -0.5727186523129831 0 0 0
40 1.5379776557413304E-4 false 0.08010467378276101 17 24 0
12 385.3636363636364 false -0.01082149987435422 18 21 0
68 4.37037037037037 false -0.012062575003175594 19 20 0
-1 0.0 true -0.004312078327922543 0 0 0
-1 0.0 true -0.38946654002267783 0 0 0
1 0.5796252927400468 false 1.5374069683829579 22 23 0
-1 0.0 true 1.6132527162683414 0 0 0
-1 0.0 true -0.5082714706407723 0 0 0
6 1.015478484100382 false 0.13622463362278295 25 28 0
50 4643.75 false 0.13570674354728246 26 27 0
-1 0.0 true 0.13443142441238654 0 0 0
-1 0.0 true 3.19958972106746 0 0 0
1 0.7009929078014184 false 9.922200644938961 29 30 0
-1 0.0 true -0.5068009701318831 0 0 0
-1 0.0 true 22.79284571069702 0 0 0
;
68 33.5 false 0.004140487741088026 1 16 0
11 56.210164704890566 false 0.004283402744367459 2 9 0
50 385.7428652493196 false -0.0032426601711136563 3 6 0
44 0.01202522363320049 false 0.013590400212183345 4 5 0
-1 0.0 true -0.06654393705382274 0 0 0
-1 0.0 true 0.03302876640162334 0 0 0
67 0.02677410792674212 false -0.051817681175668394 7 8 0
-1 0.0 true -0.04438605441720938 0 0 0
-1 0.0 true -0.08692738709003822 0 0 0
41 439.92889468158285 false 0.03637631574058848 10 13 0
68 21.714285714285715 false 0.11731640689388168 11 12 0
-1 0.0 true 0.11621011966340285 0 0 0
-1 0.0 true 1.390016377537008 0 0 0
72 0.025512857555619762 false 0.004036891062319036 14 15 0
-1 0.0 true -0.007582966791695038 0 0 0
-1 0.0 true 0.07325870212820365 0 0 0
4 9.0 false -0.6733239891260671 17 18 0
-1 0.0 true -1.0880359332381517 0 0 0
55 11.5 false -0.6035455840059268 19 22 0
27 4.0 false -0.5550860841769694 20 21 0
-1 0.0 true -0.5662376258335953 0 0 0
-1 0.0 true -0.5393361854218134 0 0 0
0 0.1488483268144285 false -0.7232083668522399 23 24 0
-1 0.0 true -0.7049641563582719 0 0 0
-1 0.0 true -0.7403672118114287 0 0 0
;
69 43.171428571428564 false 8.757841089923062E-4 1 16 0
49 0.07269153683759189 false 0.0011761762619064986 2 9 0
44 0.08710541683167396 false -0.01006954665426645 3 6 0
38 0.18262124562396287 false -0.01397529603465405 4 5 0
-1 0.0 true -0.014089453525107772 0 0 0
-1 0.0 true 10.511964239247328 0 0 0
69 14.615384615384617 false 0.07532367464595162 7 8 0
-1 0.0 true 0.08129903940594924 0 0 0
-1 0.0 true -0.46896757122428157 0 0 0
6 1.2011891663331369 false 0.046352867767359446 10 13 0
68 16.181818181818183 false 0.046948094437570656 11 12 0
-1 0.0 true 0.04635184872198067 0 0 0
-1 0.0 true 1.2332918280475123 0 0 0
5 17.8 false -7.926460902108488 14 15 0
-1 0.0 true -10.330436625941763 0 0 0
-1 0.0 true -0.5059679838816514 0 0 0
8 1499.0 false -0.4569254710471701 17 22 0
2 0.6040827281303678 false -0.5402415388929002 18 19 0
-1 0.0 true -0.9242730683277951 0 0 0
65 4768.822240636708 false -0.5201806508964298 20 21 0
-1 0.0 true -0.4517002112691614 0 0 0
-1 0.0 true -0.5910684007895215 0 0 0
2 0.9726699292377746 false 0.6504670625611142 23 24 0
-1 0.0 true -0.7112617048223647 0 0 0
1 0.7880766731643924 false 2.347629126297126 25 26 0
-1 0.0 true 2.558575552321269 0 0 0
-1 0.0 true 2.161120339775104 0 0 0
;
6 0.6232228116055111 false 0.0019486317149173583 1 16 0
69 8.481159420289856 false -0.062470705458382056 2 9 0
49 0.16409138025733935 false -0.058909818099911145 3 6 0
32 1892.9595588235297 false -0.06432368995939142 4 5 0
-1 0.0 true -0.058715058577742875 0 0 0
-1 0.0 true -0.3060136202926783 0 0 0
23 0.08867986887828808 false 0.327577947844109 7 8 0
-1 0.0 true 2.3962158736962267 0 0 0
-1 0.0 true 0.1177046468509474 0 0 0
25 0.5673506948400289 false -0.19421632617494178 10 13 0
65 28832.51841749188 false -0.16807229009361177 11 12 0
-1 0.0 true -0.1845421144348706 0 0 0
-1 0.0 true 1.6197392138506643 0 0 0
6 0.5991854205566657 false -1.4808895386957623 14 15 0
-1 0.0 true -1.5671119364981285 0 0 0
-1 0.0 true -0.5212027250054799 0 0 0
36 0.12081956135022773 false 0.009921024989068371 17 22 0
40 0.020830154657251423 false 0.007680490109950175 18 21 0
30 2165.7017374517372 false 0.007728993226016225 19 20 0
-1 0.0 true 0.006970222711663008 0 0 0
-1 0.0 true 0.32079618562883777 0 0 0
-1 0.0 true -1.6380251743985246 0 0 0
56 90.58823529411765 false 0.16661787128186306 23 26 0
4 399.02285714285716 false 0.16495759749727723 24 25 0
-1 0.0 true 0.1126244817528434 0 0 0
-1 0.0 true 0.516713882035606 0 0 0
1 0.6754430737579408 false 1.832367253280305 27 28 0
-1 0.0 true 11.53059755983862 0 0 0
-1 0.0 true -0.6295209178134326 0 0 0
;
54 0.19831782385643976 false -5.077797232353547E-4 1 16 0
36 0.034207860770040475 false 0.013202399240360601 2 9 0
38 0.18366961830701786 false -0.038530666765319674 3 6 0
69 9.352941176470589 false -0.03812169757862481 4 5 0
-1 0.0 true -0.0412293660100711 0 0 0
-1 0.0 true 0.20276274825550658 0 0 0
68 0.25 false -0.7657209979984283 7 8 0
-1 0.0 true -0.6869247789261945 0 0 0
-1 0.0 true -1.2170805416599506 0 0 0
49 0.07491882539427405 false 0.029364001699293856 10 13 0
32 594.1844552701507 false 0.020923853996364036 11 12 0
-1 0.0 true 0.03383115750734904 0 0 0
-1 0.0 true -0.043048225008607735 0 0 0
1 1.2321428571428572 false 0.07547621962461866 14 15 0
-1 0.0 true 0.0751338511350231 0 0 0
-1 0.0 true 32.844341071179336 0 0 0
36 0.2292973275473552 false -0.04007983892044044 17 24 0
72 0.01309734957499498 false -0.039719122987651574 18 21 0
40 0.022109600881928055 false -0.037416154463363493 19 20 0
-1 0.0 true -0.037632481124949 0 0 0
-1 0.0 true 2.388672467478371 0 0 0
28 81.66666666666666 false -0.0593157480353529 22 23 0
-1 0.0 true -0.0367727251822701 0 0 0
-1 0.0 true -0.48425272976651895 0 0 0
0 0.05402160864345739 false -1.3416988921149122 25 28 0
36 0.23199878080440178 false -0.502369481443351 26 27 0
-1 0.0 true -0.5029674559395189 0 0 0
-1 0.0 true -0.5021897346335591 0 0 0
68 0.16666666666666666 false -1.3798161941728389 29 30 0
-1 0.0 true -1.0505239579888128 0 0 0
-1 0.0 true -5.512677010903277 0 0 0
;
7 1.4444444444444444 false 0.0010389323591020695 1 14 0
11 317.57142857142856 false 0.0011007287934976647 2 9 0
44 0.012674763430213475 false 0.001156610591966894 3 6 0
68 6.432098765432098 false -0.06226117476746343 4 5 0
-1 0.0 true -0.05893484536544798 0 0 0
-1 0.0 true -0.3192391664666785 0 0 0
41 237.64917153340903 false 0.011890981396524936 7 8 0
-1 0.0 true 0.041503650165926366 0 0 0
-1 0.0 true -0.01562346246882538 0 0 0
1 0.7685174255614247 false -0.7374509296591469 10 13 0
1 0.7373184734886862 false -0.775819808843732 11 12 0
-1 0.0 true -0.7456470541615088 0 0 0
-1 0.0 true -0.8041625504052619 0 0 0
-1 0.0 true -0.6311439948620318 0 0 0
45 240.0 false -11.709275607740587 15 16 0
-1 0.0 true -32.91681240123286 0 0 0
5 5999.0 false -0.5125765006695351 17 20 0
0 0.12686357243319268 false -0.5038096354181907 18 19 0
-1 0.0 true -0.5037646438638651 0 0 0
-1 0.0 true -0.5038317431503507 0 0 0
-1 0.0 true -0.5183547086559126 0 0 0
;
32 799.7079395882552 false -0.005841652692022824 1 16 0
19 10580.611111111108 false -7.292862147854389E-4 2 9 0
44 0.05208887015291004 false -0.0010314637128112211 3 6 0
70 11.137285491419654 false -0.010712890560112306 4 5 0
-1 0.0 true -0.011769045510934488 0 0 0
-1 0.0 true 0.2072133684943531 0 0 0
55 108.0 false 0.03778632705433725 7 8 0
-1 0.0 true 0.03720959602389979 0 0 0
-1 0.0 true 4.762518158660616 0 0 0
60 0.057583132728239284 false 1.2925694532958125 10 13 0
20 0.0759854099884682 false 0.8605353636486738 11 12 0
-1 0.0 true 1.5580801475441448 0 0 0
-1 0.0 true 0.6852593973272729 0 0 0
65 6736.126204149292 false 5.272060143750978 14 15 0
-1 0.0 true 7.697689212386103 0 0 0
-1 0.0 true -0.5182470334781623 0 0 0
67 0.03799231508165226 false -0.06606165352315464 17 22 0
40 0.014863327633159649 false -0.05713278652684021 18 21 0
69 8.385245901639344 false -0.05760811204104527 19 20 0
-1 0.0 true -0.051881671787769805 0 0 0
-1 0.0 true -0.4686974603608123 0 0 0
-1 0.0 true 14.17831087362171 0 0 0
63 3258.0350877192977 false -0.10082208903327985 23 26 0
20 0.05624586828512904 false -0.11602680281777412 24 25 0
-1 0.0 true 0.39176112501734894 0 0 0
-1 0.0 true -0.1445098472940403 0 0 0
1 0.9199756182514802 false 0.8452553594363091 27 28 0
-1 0.0 true 1.1979661549372573 0 0 0
-1 0.0 true -0.2611993037346796 0 0 0
;
65 19280.926122099016 false 0.00506251032352292 1 14 0
39 38.57895260687092 false 0.010856467685778018 2 7 0
33 404.66666666666663 false -0.053420871900485986 3 6 0
68 7.407079646017699 false -0.05310879597702444 4 5 0
-1 0.0 true -0.051081279476735436 0 0 0
-1 0.0 true -0.38220747271738015 0 0 0
-1 0.0 true -1.8562616060450614 0 0 0
21 562.6754917733529 false 0.021750682888436762 8 11 0
33 22.561685087713613 false 0.04518165550823781 9 10 0
-1 0.0 true 0.019454706102371617 0 0 0
-1 0.0 true 0.07249837308578264 0 0 0
45 751.2778816199377 false -0.00944197281757004 12 13 0
-1 0.0 true -0.015257907521474382 0 0 0
-1 0.0 true 0.20081970630412416 0 0 0
36 0.32619142051977873 false -0.12750403971091623 15 22 0
70 16.5 false -0.12844968652343006 16 19 0
68 13.666666666666666 false -0.1265431627899994 17 18 0
-1 0.0 true -0.12717830859835283 0 0 0
-1 0.0 true 2.962613160803327 0 0 0
11 40.5 false -0.6088667832170795 20 21 0
-1 0.0 true -0.5418478126766569 0 0 0
-1 0.0 true -0.6639183233975369 0 0 0
65 29961.40987985353 false 0.796621815259764 23 24 0
-1 0.0 true 0.7966218152597639 0 0 0
-1 0.0 true 0.7966218152597639 0 0 0
;
69 22.027734976887523 false 0.004950430997293873 1 16 0
68 20.642857142857146 false 0.0055556780479501825 2 9 0
69 2.3382396493514186 false 0.005357846842499762 3 6 0
2 0.8272831457317467 false 1.0687282376440232E-4 4 5 0
-1 0.0 true -0.08514523703874105 0 0 0
-1 0.0 true 0.008383898344997812 0 0 0
10 45120.0 false 0.03511024930146018 7 8 0
-1 0.0 true 0.03444810170059938 0 0 0
-1 0.0 true 3.0832443160859047 0 0 0
6 0.7671706360533552 false 1.7711207866102066 10 13 0
11 28.666666666666664 false -0.8156746975416864 11 12 0
-1 0.0 true -1.4100543712716322 0 0 0
-1 0.0 true -0.5936787786473259 0 0 0
1 0.6541062801932367 false 3.974649716807844 14 15 0
-1 0.0 true 5.094371613961824 0 0 0
-1 0.0 true 3.0663499606134748 0 0 0
7 0.8654020885428114 false -0.15163941362944897 17 22 0
55 77.0 false -0.17668759592008085 18 21 0
53 0.03076107193092681 false -0.1902619121200938 19 20 0
-1 0.0 true -0.12465714690443605 0 0 0
-1 0.0 true -0.571356293770485 0 0 0
-1 0.0 true 2.2806344610638654 0 0 0
4 10.5 false 1.7911498950700167 23 24 0
-1 0.0 true 2.1450149915108008 0 0 0
1 0.8586309523809523 false 1.689883425976451 25 26 0
-1 0.0 true 1.566391500471872 0 0 0
-1 0.0 true 1.7557626784838438 0 0 0
;
70 14.309090909090916 false 0.004197031961204793 1 16 0
68 2.3186779681687906 false 0.004751608421587013 2 9 0
36 0.032006696593864896 false 0.0021447560484668263 3 6 0
69 26.8 false -0.06108575625702807 4 5 0
-1 0.0 true -0.061596562328374335 0 0 0
-1 0.0 true 1.5541809605405794 0 0 0
70 9.457831325301203 false 0.01237567592251538 7 8 0
-1 0.0 true 0.012963733960065163 0 0 0
-1 0.0 true -0.3994731147630084 0 0 0
51 0.012731839087959393 false 0.047593673253346416 10 13 0
44 0.08482438983105872 false 0.06049214009909964 11 12 0
-1 0.0 true 0.04409301461722392 0 0 0
-1 0.0 true 0.6881020660365817 0 0 0
15 18.213114754098363 false -0.2020129501993779 14 15 0
-1 0.0 true -0.6698800912261461 0 0 0
-1 0.0 true -0.07112939983501307 0 0 0
7 0.7370013378644205 false -0.18898752960966417 17 22 0
38 0.044211295412047796 false 0.01326528505977 18 21 0
1 0.8653100775193797 false -0.021836851581386534 19 20 0
-1 0.0 true -0.042587697960999794 0 0 0
-1 0.0 true 3.9493519512816837 0 0 0
-1 0.0 true 2.0131894579602734 0 0 0
18 0.13184588501044198 false -0.36220757395329506 23 26 0
32 54.294117647058826 false -0.4263452872635504 24 25 0
-1 0.0 true 0.3720066406099801 0 0 0
-1 0.0 true -0.48156807467589974 0 0 0
66 0.3333333333333333 false 1.148417202213237 27 28 0
-1 0.0 true 1.7242422924367384 0 0 0
-1 0.0 true -0.5888513543881263 0 0 0
;
11 105.32990348568238 false -0.004706550125393439 1 16 0
72 0.012217300470441218 false -0.008175547023156133 2 9 0
68 9.350515463917526 false -0.005874173451789019 3 6 0
41 288.1619006832648 false -0.0065444705857290175 4 5 0
-1 0.0 true 0.009923534265588181 0 0 0
-1 0.0 true -0.035493329821224245 0 0 0
45 847.3333333333333 false 0.25961053121238975 7 8 0
-1 0.0 true 0.23966280992363284 0 0 0
-1 0.0 true 2.4525158293674614 0 0 0
20 0.13182595198828118 false -0.02543021217030988 10 13 0
20 0.09880921846717194 false -0.09329024318388475 11 12 0
-1 0.0 true -0.04806334070411786 0 0 0
-1 0.0 true -0.17362887782988726 0 0 0
45 848.6484375 false 0.0689776569699501 14 15 0
-1 0.0 true 0.063310810589066 0 0 0
-1 0.0 true 0.8213643538364968 0 0 0
72 0.029592946007971976 false 0.09299512559153145 17 24 0
44 0.14159639833161647 false 0.08457279350741345 18 21 0
68 28.666666666666664 false 0.08390592676133017 19 20 0
-1 0.0 true 0.08313322338160138 0 0 0
-1 0.0 true 2.1528282319152434 0 0 0
1 0.892548378989696 false 1.1495290867484742 22 23 0
-1 0.0 true 7.705545242633431 0 0 0
-1 0.0 true -0.5191370414054596 0 0 0
59 3085.1296296296296 false 0.13937722516172008 25 28 0
7 0.8763641801166965 false 0.2927975991197819 26 27 0
-1 0.0 true 0.25213715031720213 0 0 0
-1 0.0 true 1.2015067374535109 0 0 0
52 209.66666666666669 false -0.1274968318799231 29 30 0
-1 0.0 true 1.6942591059516354 0 0 0
-1 0.0 true -0.15304724842183937 0 0 0
;
67 0.01820554814634131 false -0.0019248148329660015 1 16 0
49 0.06809087623388003 false 0.0014881367196925514 2 9 0
30 2780.311111111111 false -0.01310609974316164 3 6 0
69 0.11515694389031006 false -0.013255961849319662 4 5 0
-1 0.0 true -0.02119939841558689 0 0 0
-1 0.0 true 0.02218624003397484 0 0 0
70 0.14814814814814814 false 1.8843104718581056 7 8 0
-1 0.0 true 0.8112966679660762 0 0 0
-1 0.0 true 11.957847067700293 0 0 0
24 0.012441017857578186 false 0.04816901947066427 10 13 0
61 0.11551198197894001 false 0.04959183149754441 11 12 0
-1 0.0 true 0.04873423507887186 0 0 0
-1 0.0 true 1.4104599212883175 0 0 0
23 0.2852272727272728 false -0.36574237340987403 14 15 0
-1 0.0 true -0.4096444170588835 0 0 0
-1 0.0 true 12.13246174549838 0 0 0
60 0.03770503655803957 false -0.020188399138675626 17 24 0
69 1.5824019024970275 false 0.005158148489483341 18 21 0
39 41.51249053747161 false 0.08297386817436393 19 20 0
-1 0.0 true -0.017829147630700717 0 0 0
-1 0.0 true 0.16427756513543704 0 0 0
40 0.0055809087805335725 false -0.025734265718102965 22 23 0
-1 0.0 true -0.027130014681642754 0 0 0
-1 0.0 true 1.9686901118770797 0 0 0
14 0.00901270801593711 false -0.0832947853974966 25 28 0
54 0.1432875141650697 false -0.14073866075252453 26 27 0
-1 0.0 true -0.07009464020554147 0 0 0
-1 0.0 true -0.23825988019157018 0 0 0
34 0.6222643097643097 false 0.03653668086592671 29 30 0
-1 0.0 true 0.01818416473065929 0 0 0
-1 0.0 true 0.9958381444797829 0 0 0
;
70 15.127035830618894 false -0.005614915127943225 1 16 0
33 446.99999999999994 false -0.005095821733503468 2 9 0
41 222.37398825710403 false -0.004909826251190452 3 6 0
11 29.997023212255016 false 0.011240533455539768 4 5 0
-1 0.0 true -0.004942077323510845 0 0 0
-1 0.0 true 0.08281776088487607 0 0 0
72 0.019561713342849785 false -0.02262072899080195 7 8 0
-1 0.0 true -0.021028841925041078 0 0 0
-1 0.0 true -0.032666369178697585 0 0 0
25 0.10907144106652084 false -0.7641545968275562 10 13 0
65 600.1014038841764 false -1.2499336751322612 11 12 0
-1 0.0 true -1.275314638221276 0 0 0
-1 0.0 true -0.5177154909863964 0 0 0
12 620.3333333333333 false -0.6060873203039047 14 15 0
-1 0.0 true -0.5224045188641546 0 0 0
-1 0.0 true -0.6603606805715276 0 0 0
0 0.170532314105952 false -0.26365383235649364 17 24 0
25 0.18245411630005057 false -0.335681136522717 18 21 0
52 5.176470588235293 false -0.5445146698944223 19 20 0
-1 0.0 true -0.09673493302920881 0 0 0
-1 0.0 true -0.5698573606904388 0 0 0
44 0.07803759123205711 false -0.14285739604960526 22 23 0
-1 0.0 true -0.1944889753903307 0 0 0
-1 0.0 true 1.6669587195656317 0 0 0
38 0.021984850670468126 false 0.2579840703845331 25 28 0
44 0.010810310454002683 false -0.2746588464052934 26 27 0
-1 0.0 true 1.2874964313290909 0 0 0
-1 0.0 true -0.4032595217639825 0 0 0
1 0.7678847143592382 false 2.1476676601787745 29 30 0
-1 0.0 true 6.799132684367288 0 0 0
-1 0.0 true 1.7574489827454782 0 0 0
;
24 0.024535051990110492 false -3.911919964136451E-4 1 14 0
40 0.015261794062214474 false -2.4966441388146786E-4 2 9 0
50 916.3069434671445 false -4.230423927873045E-5 3 6 0
67 0.016792585740874524 false 0.005423062912772242 4 5 0
-1 0.0 true 0.0023409617196644894 0 0 0
-1 0.0 true 0.022784353012072114 0 0 0
67 0.03719948827858911 false -0.04401490424144773 7 8 0
-1 0.0 true -0.03859649802078294 0 0 0
-1 0.0 true -0.06609254522497764 0 0 0
36 0.07471362988060204 false -0.8074162294366238 10 11 0
-1 0.0 true -2.5469841463481373 0 0 0
69 0.06593406593406594 false -0.5012764426889389 12 13 0
-1 0.0 true -0.27913421473968175 0 0 0
-1 0.0 true -0.8227756817011423 0 0 0
23 0.12049937578027464 false -0.6784493549757926 15 22 0
65 2690.401762190467 false -0.9693465037742236 16 19 0
1 0.7820473171486005 false -1.2922306843786813 17 18 0
-1 0.0 true -0.7868662198772681 0 0 0
-1 0.0 true -27.35791228505058 0 0 0
65 7777.755547999297 false -0.7224519851402365 20 21 0
-1 0.0 true 0.5017980544134121 0 0 0
-1 0.0 true -0.7260052539730867 0 0 0
65 13470.99177099207 false -0.17185028036200284 23 26 0
67 0.14285714285714285 false -0.561842327070282 24 25 0
-1 0.0 true -0.5386017881475554 0 0 0
-1 0.0 true -0.6173185244230608 0 0 0
1 0.8938567124204888 false 1.788939836820993 27 28 0
-1 0.0 true -0.518653794307684 0 0 0
-1 0.0 true 2.252170830050814 0 0 0
;
16 4.778030325248555 false -0.003764623080305433 1 16 0
27 175.92323513366065 false -0.012598594056681678 2 9 0
20 0.20853037585966533 false -0.011160911113537614 3 6 0
72 0.014893003980324395 false 0.005308298969221483 4 5 0
-1 0.0 true 0.010324652882329782 0 0 0
-1 0.0 true -0.02569965590887502 0 0 0
70 18.57142857142857 false -0.06407050489216153 7 8 0
-1 0.0 true -0.06346516207309084 0 0 0
-1 0.0 true -0.4221006051001888 0 0 0
54 0.06493431241930261 false -0.18953460113427995 10 13 0
14 0.005597423163210633 false 0.8934963220338925 11 12 0
-1 0.0 true 17.1287709358609 0 0 0
-1 0.0 true -0.5682245141839646 0 0 0
68 5.181818181818182 false -0.1927338601425505 14 15 0
-1 0.0 true -0.18392572683985953 0 0 0
-1 0.0 true -1.1568806816048518 0 0 0
72 0.010081727089583095 false 0.06047090225829482 17 24 0
40 2.0076819086121278E-4 false 0.05604286066442025 18 21 0
56 81.33333333333333 false -0.028346428232026 19 20 0
-1 0.0 true -0.03032408280106125 0 0 0
-1 0.0 true 6.575534026836344 0 0 0
8 100.80130815747252 false 0.10921829558601862 22 23 0
-1 0.0 true -0.022662072660833085 0 0 0
-1 0.0 true 0.11476442307073956 0 0 0
50 1978.8966666666665 false 0.11143107707206547 25 28 0
45 617.75 false 0.09571996505164203 26 27 0
-1 0.0 true 0.08808090127564458 0 0 0
-1 0.0 true 2.9008807152787646 0 0 0
2 0.9910411914943529 false 1.398066258844232 29 30 0
-1 0.0 true 1.8487726885658577 0 0 0
-1 0.0 true -0.6437122917233545 0 0 0
