0.15
;
-2.0841523447448047
;
0 2.4833363673280777 false 0.0033728980742213214 1 16 0
62 5.046532717431348 false 1.047742121401646 2 9 0
67 0.0616273559350154 false 0.1848760758255511 3 6 0
60 1.118421052631579 false -0.5068851637906877 4 5 0
-1 0.0 true -0.5077392393604794 0 0 0
-1 0.0 true 1.871593287284871 0 0 0
0 0.43903102356392176 false 0.5596045007691269 7 8 0
-1 0.0 true 0.9261058494189084 0 0 0
-1 0.0 true 0.314173874987397 0 0 0
0 0.41138308024577674 false 1.6421221607770595 10 13 0
37 0.02627039142165262 false 2.3337214863376405 11 12 0
-1 0.0 true 1.8940450183166642 0 0 0
-1 0.0 true 2.7584130348932576 0 0 0
37 0.021946087652004342 false 1.1067049170715964 14 15 0
-1 0.0 true 0.8384713123268641 0 0 0
-1 0.0 true 1.292903898634617 0 0 0
0 7.492311016674469 false -0.20432865570413652 17 24 0
62 4.224863256508206 false 0.13969513109984544 18 21 0
60 1.2629953324648193 false -0.22832492058152398 19 20 0
-1 0.0 true -0.4077125813384471 0 0 0
-1 0.0 true 0.017053480105896152 0 0 0
0 4.485956809387092 false 0.4079976640283128 22 23 0
-1 0.0 true 0.6196274276762884 0 0 0
-1 0.0 true 0.2425428230727256 0 0 0
62 4.548603175359789 false -0.3040949020032167 25 28 0
60 1.1809452312181634 false -0.434676692796553 26 27 0
-1 0.0 true -0.48630347475522834 0 0 0
-1 0.0 true -0.34924972226000717 0 0 0
0 16.493203997418497 false -0.1826821511460748 29 30 0
-1 0.0 true -0.06243646554283252 0 0 0
-1 0.0 true -0.28459859140268734 0 0 0
;
0 3.4783708118847647 false -0.012022991311051253 1 16 0
62 5.011354015346635 false 0.5355247320359973 2 9 0
67 0.2675969165147656 false 0.08607869506507498 3 6 0
59 3.418052256532067 false -0.462943681308684 4 5 0
-1 0.0 true -0.49134673507867827 0 0 0
-1 0.0 true 0.6137723754684058 0 0 0
0 0.43574317390691963 false 0.35216376956511813 7 8 0
-1 0.0 true 0.6245059721342305 0 0 0
-1 0.0 true 0.19457269109754916 0 0 0
1 1.1853622811533133 false 0.7510271147796153 10 13 0
0 0.4471309108796544 false 0.6284031530801549 11 12 0
-1 0.0 true 0.7628513292340475 0 0 0
-1 0.0 true 0.5367562641645408 0 0 0
33 0.2258101280249209 false 1.293131211086805 14 15 0
-1 0.0 true 1.4994928258200124 0 0 0
-1 0.0 true 1.0862425453580813 0 0 0
59 8.304980748677004 false -0.21801055805269162 17 24 0
67 0.18854720513157802 false -0.3944348095101285 18 21 0
60 4.384422110552764 false -0.5047986778712502 19 20 0
-1 0.0 true -0.5054798462808672 0 0 0
-1 0.0 true -0.23962879582097926 0 0 0
0 12.49008508797231 false -0.3138134114972691 22 23 0
-1 0.0 true -0.1897584975326129 0 0 0
-1 0.0 true -0.3908863568507233 0 0 0
1 1.0322466472645537 false -0.06024648005642938 25 28 0
0 11.49721650270724 false -0.08083387411375048 26 27 0
-1 0.0 true 0.12430732658857294 0 0 0
-1 0.0 true -0.21294345903099068 0 0 0
19 0.08131180309788587 false 0.5912940748684651 29 30 0
-1 0.0 true 0.5864062713292724 0 0 0
-1 0.0 true 29.38571422525876 0 0 0
;
0 1.4690581251388846 false -0.015359309024111598 1 16 0
61 6.9830050503149845 false 0.47721187771309465 2 9 0
67 0.4257859520961051 false 0.19261964752214994 3 6 0
67 0.06561678760992082 false -0.3240467967019018 4 5 0
-1 0.0 true -0.505748434148444 0 0 0
-1 0.0 true 0.06046523281703124 0 0 0
19 5.29896558221203E-4 false 0.44157862379407403 7 8 0
-1 0.0 true 0.6010836254984433 0 0 0
-1 0.0 true 0.2542799586212177 0 0 0
1 0.9354511911617293 false 0.5791580736865207 10 13 0
43 0.023765523651222024 false -0.22207305688477494 11 12 0
-1 0.0 true -0.2245857555578554 0 0 0
-1 0.0 true 11.732127510970665 0 0 0
65 0.24119606716106232 false 0.6212887862172775 14 15 0
-1 0.0 true 0.7302161521672825 0 0 0
-1 0.0 true 0.3450627060152049 0 0 0
0 6.492993597144957 false -0.14543943185831557 17 24 0
61 7.7968867667232455 false 0.13863702682044227 18 21 0
67 0.09483938376597134 false -0.12942346676254418 19 20 0
-1 0.0 true -0.49866652079719775 0 0 0
-1 0.0 true 0.02270799662813167 0 0 0
1 1.0991528142040417 false 0.304393458743253 22 23 0
-1 0.0 true 0.25760440126502393 0 0 0
-1 0.0 true 0.6833831354715555 0 0 0
60 8.449505095745716 false -0.25617688907116837 25 28 0
67 0.06723044027736216 false -0.3975202963810759 26 27 0
-1 0.0 true -0.5055698446672107 0 0 0
-1 0.0 true -0.3294897035412559 0 0 0
62 24.84803213397464 false -0.12072686926981195 29 30 0
-1 0.0 true -0.19589007811129458 0 0 0
-1 0.0 true -0.028448272562289312 0 0 0
;
59 9.677265085115017 false -0.01426664286100313 1 16 0
0 1.475077471788575 false -0.24745020666262615 2 9 0
60 1.4286177355869416 false 0.14012280567006585 3 6 0
59 0.2788951320695269 false -0.23050352731140142 4 5 0
-1 0.0 true -0.504938596840616 0 0 0
-1 0.0 true 0.027626061368414404 0 0 0
44 262.10723718964596 false 0.33356705576944984 7 8 0
-1 0.0 true 0.23669488815978648 0 0 0
-1 0.0 true 0.6080825256497108 0 0 0
67 2.2977513092878308E-4 false -0.3232209942053113 10 13 0
62 4.104477611940299 false -0.5049629291505231 11 12 0
-1 0.0 true -0.5049627630897423 0 0 0
-1 0.0 true -0.5066582140688161 0 0 0
66 0.9411069528289091 false -0.2249870952340965 14 15 0
-1 0.0 true -0.17953134143667115 0 0 0
-1 0.0 true -0.2936970541232041 0 0 0
0 3.473016479319 false 0.1327271050142137 17 24 0
0 0.4092340869919597 false 0.3828351347113876 18 21 0
65 0.3502116813556878 false 0.44047057921351 19 20 0
-1 0.0 true 0.4855290834628118 0 0 0
-1 0.0 true 0.16119593696889628 0 0 0
62 22.747216207856493 false 0.3307536768755808 22 23 0
-1 0.0 true 0.21649303551863217 0 0 0
-1 0.0 true 0.43919614884937025 0 0 0
0 9.487163681195156 false -0.045676964725007825 25 28 0
62 22.022908022130032 false 0.15881257929209427 26 27 0
-1 0.0 true 0.05851392015162246 0 0 0
-1 0.0 true 0.2543060336843832 0 0 0
62 40.04695134672187 false -0.15717244229503657 29 30 0
-1 0.0 true -0.1966769821029954 0 0 0
-1 0.0 true -0.031794695033995846 0 0 0
;
60 7.961479062789565 false -0.011287808144588638 1 16 0
0 4.490876869382809 false -0.24435832868836502 2 9 0
67 0.34262140161778143 false 0.01570740093047781 3 6 0
59 4.399578651685393 false -0.37830087024507925 4 5 0
-1 0.0 true -0.4196451744125325 0 0 0
-1 0.0 true 0.2564504471289156 0 0 0
65 0.9869597499751467 false 0.15464041579534668 7 8 0
-1 0.0 true 0.20416553996071712 0 0 0
-1 0.0 true -0.10974026307802068 0 0 0
67 0.38938984969803037 false -0.36013328102470826 10 13 0
67 0.2701789016008643 false -0.4795072302636143 11 12 0
-1 0.0 true -0.4948207406558028 0 0 0
-1 0.0 true -0.32957552309043353 0 0 0
0 14.50139073648567 false -0.2696861282496884 14 15 0
-1 0.0 true -0.163526132068195 0 0 0
-1 0.0 true -0.3550197236674806 0 0 0
0 1.4596948712399915 false 0.11220602115712956 17 24 0
1 0.9370646346097016 false 0.33296162773555305 18 21 0
22 0.19342894651486092 false -0.2700278879289918 19 20 0
-1 0.0 true -0.27244912930976123 0 0 0
-1 0.0 true 13.47519650247754 0 0 0
55 0.20290387684995564 false 0.3579467692365713 22 23 0
-1 0.0 true 0.4244632954696156 0 0 0
-1 0.0 true 0.2287346894749887 0 0 0
0 8.496197620723397 false 0.01342320630823163 25 28 0
1 0.9114196052448977 false 0.17547622562218487 26 27 0
-1 0.0 true -0.22194821920858324 0 0 0
-1 0.0 true 0.20983858673419045 0 0 0
0 16.492129697554024 false -0.12294540967725044 29 30 0
-1 0.0 true -0.02099540438526803 0 0 0
-1 0.0 true -0.209463358349515 0 0 0
;
0 2.4833351888446655 false -0.01670937942616649 1 16 0
67 0.6295691912224853 false 0.19713324605454174 2 9 0
67 0.04321954065133358 false 0.03211266199775323 3 6 0
67 0.03984496124031008 false -0.5003108279911279 4 5 0
-1 0.0 true -0.5037578241805177 0 0 0
-1 0.0 true 3.845566369390804 0 0 0
65 0.16085604548628699 false 0.09349041182110951 7 8 0
-1 0.0 true 0.16813078342745374 0 0 0
-1 0.0 true 0.03978469158380292 0 0 0
62 17.788288079929693 false 0.2732595193423341 10 13 0
18 0.008359249435276462 false 0.19301319923754406 11 12 0
-1 0.0 true 1.2682303868274634 0 0 0
-1 0.0 true 0.18571161742313846 0 0 0
0 0.40136488878346077 false 0.3410018450209289 14 15 0
-1 0.0 true 0.3637133294184797 0 0 0
-1 0.0 true 0.3107383691218444 0 0 0
62 15.024200413129329 false -0.13344074057128824 17 24 0
0 10.498372419380505 false -0.24700532960820623 18 21 0
67 0.3649108697979693 false -0.11015412222176915 19 20 0
-1 0.0 true -0.4271230006864823 0 0 0
-1 0.0 true -0.02791128900350203 0 0 0
67 0.5158438841758826 false -0.33810920451588056 22 23 0
-1 0.0 true -0.43764619945776495 0 0 0
-1 0.0 true -0.2699855829931413 0 0 0
0 9.486858299373683 false 0.03572687741892116 25 28 0
0 4.483477514512231 false 0.1591999493999673 26 27 0
-1 0.0 true 0.21721138409523352 0 0 0
-1 0.0 true 0.12060049025370766 0 0 0
0 17.50053321407685 false -0.07253668825530545 29 30 0
-1 0.0 true 0.018450051840008246 0 0 0
-1 0.0 true -0.16088034370783225 0 0 0
;
0 4.487017911892851 false -0.011980366078514727 1 16 0
60 8.58451716819787 false 0.1405968290164141 2 9 0
67 0.5070822865088185 false 0.032030470414901265 3 6 0
58 7.336027713625866 false -0.19328436676634697 4 5 0
-1 0.0 true -0.29353360543619983 0 0 0
-1 0.0 true 0.051604949606589116 0 0 0
42 0.9974992246922044 false 0.15625770188733368 7 8 0
-1 0.0 true 0.2673434339644703 0 0 0
-1 0.0 true 0.028000115993954966 0 0 0
1 1.1748252721855597 false 0.17665798984256326 10 13 0
62 34.05505948929655 false 0.1389859135282624 11 12 0
-1 0.0 true 0.09934077566856737 0 0 0
-1 0.0 true 0.20887487072505373 0 0 0
14 31.99636363636361 false 0.3141719339265039 14 15 0
-1 0.0 true 0.2552297370329039 0 0 0
-1 0.0 true 0.5882280522106452 0 0 0
60 6.781911459853546 false -0.1518616719018259 17 24 0
59 0.7714710388611253 false -0.3401314168146909 18 21 0
0 7.498391964771658 false -0.5029203881666292 19 20 0
-1 0.0 true -0.5008272337433155 0 0 0
-1 0.0 true -0.5032100560379712 0 0 0
0 13.498033317908376 false -0.2505036526052675 22 23 0
-1 0.0 true -0.14275910338964226 0 0 0
-1 0.0 true -0.3322290222096891 0 0 0
0 14.497462700750738 false -0.04683466278063617 25 28 0
62 19.722494855152753 false 0.04377784987781523 26 27 0
-1 0.0 true -0.02564849183524292 0 0 0
-1 0.0 true 0.09809023858257411 0 0 0
22 0.06034946698392202 false -0.16110137367962374 29 30 0
-1 0.0 true -0.18562092072536995 0 0 0
-1 0.0 true 0.002468851154589648 0 0 0
;
0 3.481638013011124 false -0.013517060084882819 1 16 0
67 0.5165815801711975 false 0.11684275148682484 2 9 0
16 4087598.3571428573 false -0.08201148877317781 3 6 0
66 0.0022880141662928585 false -0.08294166674924879 4 5 0
-1 0.0 true -0.34091732722642726 0 0 0
-1 0.0 true 0.015281897807960678 0 0 0
0 0.6666666666666666 false 10.15369491635728 7 8 0
-1 0.0 true 9.300151766743744 0 0 0
-1 0.0 true 12.397455999660933 0 0 0
1 1.182726651285995 false 0.1485051443374245 10 13 0
1 0.9405410455099713 false 0.1163141443202199 11 12 0
-1 0.0 true -0.2790351947249867 0 0 0
-1 0.0 true 0.13767998848803797 0 0 0
14 22.538755980861254 false 0.2593233175479326 14 15 0
-1 0.0 true 0.21290318964259275 0 0 0
-1 0.0 true 0.4036540403655841 0 0 0
60 7.048864608171602 false -0.12070243691855062 17 24 0
60 2.4364560055304576 false -0.29681269499802776 18 21 0
19 1.8837598587570677E-4 false -0.38634949412604264 19 20 0
-1 0.0 true -0.3791097240549611 0 0 0
-1 0.0 true -0.4304586845101232 0 0 0
0 8.492324628463091 false -0.15305520366530206 22 23 0
-1 0.0 true 0.010080925587687996 0 0 0
-1 0.0 true -0.2236811959755224 0 0 0
0 12.492917143948073 false -0.024860878156163564 25 28 0
1 1.054826082547409 false 0.06908078975466844 26 27 0
-1 0.0 true 0.047792821885979914 0 0 0
-1 0.0 true 0.3705087790638546 0 0 0
24 9.987136132679167E-4 false -0.13685769290398742 29 30 0
-1 0.0 true -0.17412375305342837 0 0 0
-1 0.0 true -0.03865170877245265 0 0 0
;
0 1.4668779274559065 false -0.012964065027651227 1 16 0
62 27.70256655507731 false 0.11181933046642396 2 9 0
67 0.6306126044148108 false 0.07430049953976049 3 6 0
67 0.11860600672036156 false -0.016572599620859062 4 5 0
-1 0.0 true -0.48975548412542685 0 0 0
-1 0.0 true 0.029680574741137333 0 0 0
66 0.9341095486467981 false 0.11880743658221904 7 8 0
-1 0.0 true 0.14974732262018742 0 0 0
-1 0.0 true -0.0016097806726925875 0 0 0
18 0.010337070653887849 false 0.1765742788587944 10 13 0
2 38.0 false 1.534272370500617 11 12 0
-1 0.0 true 2.806012247916857 0 0 0
-1 0.0 true -0.5392822041604414 0 0 0
1 1.2184105566870334 false 0.17449064478204124 14 15 0
-1 0.0 true 0.13949401250661278 0 0 0
-1 0.0 true 0.2762867121686707 0 0 0
60 8.824466704683992 false -0.07343371391198777 17 24 0
60 1.399757421200765 false -0.23715801918900745 18 21 0
43 6.855003790390869E-4 false -0.40063402794097025 19 20 0
-1 0.0 true -0.39257707464080316 0 0 0
-1 0.0 true -0.48501028514777345 0 0 0
1 1.0337848695964533 false -0.11729129671749627 22 23 0
-1 0.0 true -0.13054322745241004 0 0 0
-1 0.0 true 0.15710756782598173 0 0 0
0 8.496326921711974 false 0.009363098008691995 25 28 0
1 0.9088281636039867 false 0.07965552414823496 26 27 0
-1 0.0 true -0.19642692056107583 0 0 0
-1 0.0 true 0.10045667306604056 0 0 0
1 0.9011930625701307 false -0.06800922787005752 29 30 0
-1 0.0 true -0.2606825635141867 0 0 0
-1 0.0 true -0.04684108865970148 0 0 0
;
0 4.488495306084882 false -0.007084792912454722 1 16 0
67 0.6513240677099419 false 0.08383245066181756 2 9 0
67 0.18662977118400417 false 0.002672989425688217 3 6 0
61 115.5 false -0.4657279192402727 4 5 0
-1 0.0 true -0.4672928264274274 0 0 0
-1 0.0 true 22.296573337448518 0 0 0
65 0.26178102788019963 false 0.038565741869290064 7 8 0
-1 0.0 true 0.07652131657200843 0 0 0
-1 0.0 true -0.02765580899754353 0 0 0
1 1.1627884508552686 false 0.12636886255990065 10 13 0
2 182.1601352427564 false 0.1040946285122174 11 12 0
-1 0.0 true 0.17570324416034944 0 0 0
-1 0.0 true 0.04343784088452396 0 0 0
61 49.32090691083494 false 0.2051334509037406 14 15 0
-1 0.0 true 0.14963132987676966 0 0 0
-1 0.0 true 0.3480656512453928 0 0 0
59 33.26453328145771 false -0.10815598123012145 17 24 0
0 17.497042478265655 false -0.18295935284057097 18 21 0
59 0.7861572339779275 false -0.11301317456571479 19 20 0
-1 0.0 true -0.500486912604798 0 0 0
-1 0.0 true -0.05821380400281401 0 0 0
59 22.492743398508367 false -0.2958948228910647 22 23 0
-1 0.0 true -0.32202307923951784 0 0 0
-1 0.0 true -0.13428405097096136 0 0 0
1 0.8770591253223883 false 0.030185957638754025 25 28 0
44 407.289786223278 false -0.24640871250084276 26 27 0
-1 0.0 true -0.3116700212351446 0 0 0
-1 0.0 true 0.24241436097447597 0 0 0
40 0.03787155856255816 false 0.06392720082784231 29 30 0
-1 0.0 true -0.2655240971302159 0 0 0
-1 0.0 true 0.06467214702416962 0 0 0
;
0 1.4672388329329435 false -0.012598810654005164 1 16 0
37 0.018652801989164323 false 0.0755159368403407 2 9 0
8 11.814461598280054 false 0.021475673415688835 3 6 0
60 1.4874348822671384 false 0.08008700484487334 4 5 0
-1 0.0 true -0.14188549723034102 0 0 0
-1 0.0 true 0.14549859317412386 0 0 0
19 0.08386911788374748 false -0.02411013461630057 7 8 0
-1 0.0 true -0.024649275185585514 0 0 0
-1 0.0 true 11.948237569874662 0 0 0
33 -0.23140251865142003 false 0.10711609489542942 10 13 0
1 1.1712328767123288 false 0.1444815029745406 11 12 0
-1 0.0 true 0.12472823103484337 0 0 0
-1 0.0 true 0.21272387151850033 0 0 0
33 1.6872857194413364 false 0.0492349358347313 14 15 0
-1 0.0 true 0.12086196954617055 0 0 0
-1 0.0 true -0.018110778276786962 0 0 0
61 29.736561997972295 false -0.05956844600184589 17 24 0
0 12.496571035949026 false -0.11961107802495258 18 21 0
60 2.478235299667576 false -0.036445694389741067 19 20 0
-1 0.0 true -0.22125585260183323 0 0 0
-1 0.0 true 0.008254022089600663 0 0 0
24 5.992597139775304E-4 false -0.24618164091608088 22 23 0
-1 0.0 true -0.2907193785296464 0 0 0
-1 0.0 true -0.1294123003780452 0 0 0
1 0.8727717170175974 false 0.04970715205823525 25 28 0
55 0.04429935360314054 false -0.21007910285115175 26 27 0
-1 0.0 true 0.12878503214286452 0 0 0
-1 0.0 true -0.21685270621190378 0 0 0
1 1.046003050655474 false 0.07795013454868774 29 30 0
-1 0.0 true 0.06385283561489696 0 0 0
-1 0.0 true 0.2206073061102652 0 0 0
;
1 1.0650322387551379 false -0.01034276401346658 1 16 0
60 28.875986587567695 false -0.03137117285323839 2 9 0
67 0.6377382842595938 false -0.08289953670757949 3 6 0
16 140490.63372253388 false -0.17416334862184613 4 5 0
-1 0.0 true -0.17138274486230323 0 0 0
-1 0.0 true -0.1880615176416067 0 0 0
0 5.491871687872814 false -0.02376315232250438 7 8 0
-1 0.0 true 0.05546479375139285 0 0 0
-1 0.0 true -0.11711476448481248 0 0 0
1 0.8807857139260012 false 0.041766982239132035 10 13 0
44 408.0196721311478 false -0.2178322812084967 11 12 0
-1 0.0 true -0.3195526428007696 0 0 0
-1 0.0 true 0.1750822675930356 0 0 0
0 5.490741078929107 false 0.06582173288927667 14 15 0
-1 0.0 true 0.0986152484862939 0 0 0
-1 0.0 true 0.01941887171380182 0 0 0
41 0.019272229291583943 false 0.11543284080964948 17 24 0
62 31.458214124378866 false 0.0761287657075414 18 21 0
44 240.95938104448754 false 0.044525498203875455 19 20 0
-1 0.0 true 0.005206981688185446 0 0 0
-1 0.0 true 0.22712038644998114 0 0 0
27 9965.0 false 0.16098850714386398 22 23 0
-1 0.0 true 0.15897042263558228 0 0 0
-1 0.0 true 8.239112973686174 0 0 0
65 0.15040527664240955 false 0.2141516908137402 25 28 0
44 690.304347826087 false 0.3447493027200557 26 27 0
-1 0.0 true 0.32725975719942413 0 0 0
-1 0.0 true 1.4535850402253303 0 0 0
22 0.17744982848276486 false 0.09529555211531374 29 30 0
-1 0.0 true 0.09198521830496938 0 0 0
-1 0.0 true 4.46366756360705 0 0 0
;
0 5.49069828101204 false -0.007292298690635771 1 16 0
1 0.9498227648680583 false 0.04780840761209601 2 9 0
44 407.6865234375 false -0.25612293858125124 3 6 0
0 0.4638270547945205 false -0.38112410652319506 4 5 0
-1 0.0 true -0.42298495556103693 0 0 0
-1 0.0 true -0.36355759288735773 0 0 0
14 385.0 false -0.007334323671587677 7 8 0
-1 0.0 true -0.010240569591540728 0 0 0
-1 0.0 true 9.081954732897707 0 0 0
62 50.97318188416317 false 0.05829125625508185 10 13 0
37 0.06482246794660979 false 0.039856584461405956 11 12 0
-1 0.0 true 0.03159901702303369 0 0 0
-1 0.0 true 0.1767848195905748 0 0 0
1 1.163772166979792 false 0.15455582062813425 14 15 0
-1 0.0 true 0.13624960935493088 0 0 0
-1 0.0 true 0.20869529793265154 0 0 0
58 11.880528366962757 false -0.08865579476592629 17 24 0
67 0.4115887511162877 false -0.24044104213740822 18 21 0
42 0.7468897986973771 false -0.4624991221302813 19 20 0
-1 0.0 true -0.46251857152023734 0 0 0
-1 0.0 true -0.46211720736043765 0 0 0
42 0.9966405694384779 false -0.1314474258335778 22 23 0
-1 0.0 true -0.058036901040796736 0 0 0
-1 0.0 true -0.21834862118339513 0 0 0
0 18.497327471011683 false -0.019832495657542696 25 28 0
2 104295.946 false 0.023996591459532462 26 27 0
-1 0.0 true 0.0236157695470134 0 0 0
-1 0.0 true 5.6366128580298405 0 0 0
62 356.75 false -0.1244297049761971 29 30 0
-1 0.0 true -0.1246720109904847 0 0 0
-1 0.0 true 13.779746535353807 0 0 0
;
1 1.0648937192986758 false -0.005974399438538606 1 16 0
2 583.0064749650254 false -0.023327843431249905 2 9 0
37 0.01943878966734524 false 0.020868277507667003 3 6 0
8 13.942767953551355 false -0.041206007576151865 4 5 0
-1 0.0 true -0.018462736306152836 0 0 0
-1 0.0 true -0.06243111526783899 0 0 0
2 0.9764070933954803 false 0.06946207925563913 7 8 0
-1 0.0 true -0.16445145119361385 0 0 0
-1 0.0 true 0.10079796450238933 0 0 0
0 0.5938426920323208 false -0.09635652932104817 10 13 0
4 203.72479838709677 false -0.15164224789822264 11 12 0
-1 0.0 true -0.10593322120682777 0 0 0
-1 0.0 true -0.215507528069112 0 0 0
24 0.0013475966888962573 false -0.09346979435987822 14 15 0
-1 0.0 true -0.12369886669273825 0 0 0
-1 0.0 true 0.058455115193012004 0 0 0
41 0.02869238590003036 false 0.09216405330223866 17 24 0
67 0.6881908593202685 false 0.06376984814140826 18 21 0
15 35939.0 false 0.011194913401667653 19 20 0
-1 0.0 true 0.01093226368491269 0 0 0
-1 0.0 true 3.4193601795233337 0 0 0
55 0.1350199128808725 false 0.12493739980369142 22 23 0
-1 0.0 true 0.2345739671068705 0 0 0
-1 0.0 true 0.06837834538750681 0 0 0
33 1.9733059548254615 false 0.22151569364428297 25 28 0
31 0.0801142338304025 false 0.277717536065081 26 27 0
-1 0.0 true 0.20828784139116552 0 0 0
-1 0.0 true 0.4158683697787885 0 0 0
0 0.4064285714285714 false 0.08710133681495467 29 30 0
-1 0.0 true -0.1289400514446419 0 0 0
-1 0.0 true 0.23447924275549212 0 0 0
;
0 7.491519038435664 false -0.009090641399871618 1 16 0
67 0.6891065288367506 false 0.03150866884037529 2 9 0
28 43.364137333818775 false -0.01676624836625045 3 6 0
67 0.04107765326225099 false 0.008131467604990901 4 5 0
-1 0.0 true -0.49798687222834187 0 0 0
-1 0.0 true 0.03393579228843216 0 0 0
16 45772.96086748469 false -0.08461929609615383 7 8 0
-1 0.0 true -0.015590523208667903 0 0 0
-1 0.0 true -0.10988844151720756 0 0 0
1 1.125718214408486 false 0.07015837237560932 10 13 0
2 211.59346878552762 false 0.058251264739136374 11 12 0
-1 0.0 true 0.11380641321933153 0 0 0
-1 0.0 true 0.011289937409093249 0 0 0
44 666.5394736842105 false 0.11548938777781263 14 15 0
-1 0.0 true 0.10835030580065991 0 0 0
-1 0.0 true 0.699352040087024 0 0 0
24 0.001161632140111469 false -0.09423884434734607 17 24 0
33 51.98113755078353 false -0.12516881637137295 18 21 0
67 0.32268168824219223 false -0.1317872033911451 19 20 0
-1 0.0 true -0.46042428854002015 0 0 0
-1 0.0 true -0.08676901509595722 0 0 0
43 0.01044185411786076 false 0.18431913582061155 22 23 0
-1 0.0 true 0.17024696271887335 0 0 0
-1 0.0 true 2.492125235204347 0 0 0
24 0.007624151866349129 false 0.06121658385509022 25 28 0
1 0.832868175044032 false 0.05506397138316403 26 27 0
-1 0.0 true -0.14788099293390872 0 0 0
-1 0.0 true 0.08517904133394333 0 0 0
55 0.030619373823888157 false 1.199071419688287 29 30 0
-1 0.0 true 28.85624211918054 0 0 0
-1 0.0 true 1.0644608230531956 0 0 0
;
0 5.488853850411795 false -0.006320539282167498 1 16 0
62 35.310405732741216 false 0.03198031926609587 2 9 0
6 266.11872101206427 false 0.015175606608915548 3 6 0
59 2.0382430479720246 false 0.041428414985291366 4 5 0
-1 0.0 true -0.10719303230854814 0 0 0
-1 0.0 true 0.06384661102703994 0 0 0
27 1150.5583045835372 false -0.0758746189854434 7 8 0
-1 0.0 true -0.04705185594651345 0 0 0
-1 0.0 true -0.17918047208137083 0 0 0
8 99.81779414501844 false 0.07430097803420331 10 13 0
65 0.1856728029531945 false 0.13236217770812175 11 12 0
-1 0.0 true 0.16668364866310403 0 0 0
-1 0.0 true -0.014337999419303632 0 0 0
31 0.0840735725603814 false 0.0242065696685194 14 15 0
-1 0.0 true 0.050412428061060534 0 0 0
-1 0.0 true -0.1751236782174747 0 0 0
22 0.03179532157537571 false -0.06837206439343517 17 24 0
33 9.506227511763075 false -0.1709599194648974 18 21 0
0 18.503081664098612 false -0.17910575233003648 19 20 0
-1 0.0 true -0.11540220330051973 0 0 0
-1 0.0 true -0.2895449676231073 0 0 0
59 186.73684210526315 false 0.07081808082732127 22 23 0
-1 0.0 true 0.06291740364217176 0 0 0
-1 0.0 true 4.625252499999247 0 0 0
20 0.0021472428623940773 false -0.0074753643184203074 25 28 0
65 0.42189112990955036 false -0.015749645246691125 26 27 0
-1 0.0 true 0.0063368494357773815 0 0 0
-1 0.0 true -0.1408266392430653 0 0 0
34 1.3803651897316884 false 0.21896191969618725 29 30 0
-1 0.0 true 0.2073561497994467 0 0 0
-1 0.0 true 2.953822317234357 0 0 0
;
62 31.21266746694825 false -0.004791849266081051 1 16 0
5 250.52598950242827 false -0.031115562585418234 2 9 0
60 13.905111550409481 false -0.01895445567263125 3 6 0
47 0.8959259259259259 false -0.06721609250913063 4 5 0
-1 0.0 true -0.06733181709555773 0 0 0
-1 0.0 true 11.99420041183665 0 0 0
15 364.58963843321055 false 0.051542222513585395 7 8 0
-1 0.0 true 0.14640203615779876 0 0 0
-1 0.0 true 0.016302327029961025 0 0 0
0 0.4105695570112135 false -0.09448378501948262 10 13 0
67 0.8710159704094556 false -0.10843285648992199 11 12 0
-1 0.0 true -0.13578225295108196 0 0 0
-1 0.0 true 0.07659019605874398 0 0 0
43 0.004483898149216585 false -0.08915763424600354 14 15 0
-1 0.0 true -0.1400731754252718 0 0 0
-1 0.0 true 0.027425897173114354 0 0 0
1 1.075198754037657 false 0.053538158551301 17 24 0
26 598.9829770735491 false 0.042860107141430244 18 21 0
2 256.3310827702705 false 0.13086400860051545 19 20 0
-1 0.0 true 0.1864933689769195 0 0 0
-1 0.0 true 0.09283757651155035 0 0 0
1 0.8440841495476129 false 0.012977764125805036 22 23 0
-1 0.0 true -0.17404365484405424 0 0 0
-1 0.0 true 0.03230348755581944 0 0 0
37 0.04177996363089866 false 0.10464456921448588 25 28 0
56 0.8462818169894308 false 0.06308486363816221 26 27 0
-1 0.0 true 0.04118433320435057 0 0 0
-1 0.0 true 0.38662549886447595 0 0 0
29 0.15220953368127244 false 0.20114304448489725 29 30 0
-1 0.0 true 0.10489783496217822 0 0 0
-1 0.0 true 0.3911058780527024 0 0 0
;
62 73.03955263480135 false -0.006454654946276028 1 16 0
67 1.597736806815349E-4 false -0.015256190357872141 2 9 0
1 1.063972385929914 false -0.501295057220817 3 6 0
0 5.4949002662915145 false -0.5012705095151642 4 5 0
-1 0.0 true -0.5015539014809594 0 0 0
-1 0.0 true -0.5011821803048212 0 0 0
0 5.478260869565218 false -0.5015883635543689 7 8 0
-1 0.0 true -0.5016984718541422 0 0 0
-1 0.0 true -0.5013209588555262 0 0 0
7 112.59938699666677 false 0.003030708392703731 10 13 0
0 9.492107366909206 false 0.016069793196951617 11 12 0
-1 0.0 true 0.04171167214586575 0 0 0
-1 0.0 true -0.059190882019032685 0 0 0
0 0.4053423786304855 false -0.08210472410589657 14 15 0
-1 0.0 true -0.09335693626096297 0 0 0
-1 0.0 true -0.07789764271656849 0 0 0
39 0.03140918406486415 false 0.107433424185364 17 24 0
1 1.0842977148563708 false 0.10635280915472774 18 21 0
36 0.43651061643427125 false 0.09316290233606021 19 20 0
-1 0.0 true 0.09248835400600787 0 0 0
-1 0.0 true 10.795563855097896 0 0 0
41 0.030991021724140748 false 0.1619353447732847 22 23 0
-1 0.0 true 0.10585172113380695 0 0 0
-1 0.0 true 0.34181581416415213 0 0 0
1 0.8 false 9.747889007426355 25 26 0
-1 0.0 true -0.5092801184047501 0 0 0
0 2.0 false 10.786864920950622 27 28 0
-1 0.0 true 4.8678737260207425 0 0 0
-1 0.0 true 17.246307879910596 0 0 0
;
2 687124.0908461539 false -0.006788879292786573 1 16 0
67 0.6396033210388828 false -0.007584846879519225 2 9 0
16 38643.907744295364 false -0.06935450598819574 3 6 0
67 0.06048273487525499 false -0.08080999067948341 4 5 0
-1 0.0 true -0.49882126970631735 0 0 0
-1 0.0 true 0.04007991190403639 0 0 0
31 0.08132462533293032 false -0.06235577923041069 7 8 0
-1 0.0 true -0.05190836164095929 0 0 0
-1 0.0 true -0.0886972292978604 0 0 0
1 1.0593244306723721 false 0.020976840003855617 10 13 0
2 883.8912222899603 false 0.01300572769205283 11 12 0
-1 0.0 true 0.04380225020688959 0 0 0
-1 0.0 true -0.08151297582985757 0 0 0
55 0.13193326637788896 false 0.06311780169050776 14 15 0
-1 0.0 true 0.1379895734183902 0 0 0
-1 0.0 true 0.023940787853986685 0 0 0
67 0.7888147098295614 false 0.6399305309906117 17 24 0
46 0.41628713685191954 false 0.3259427975944419 18 21 0
36 0.467202553129858 false 0.22407247465826555 19 20 0
-1 0.0 true 0.2034148959910895 0 0 0
-1 0.0 true 5.497327270786161 0 0 0
34 0.5624613481756339 false 1.7359453322593725 22 23 0
-1 0.0 true 5.630967281040185 0 0 0
-1 0.0 true 0.33691650979847787 0 0 0
11 5.5 false 1.6543453241334065 25 28 0
57 0.5712492134851019 false 0.658874961597283 26 27 0
-1 0.0 true 9.263490147373025 0 0 0
-1 0.0 true 0.2480990940748401 0 0 0
12 1.7333333333333332 false 2.566114581868719 29 30 0
-1 0.0 true 4.576521393297453 0 0 0
-1 0.0 true 1.0885135442377882 0 0 0
;
60 35.13603672391179 false -0.006217798101158071 1 16 0
27 620.1503401011471 false -0.030487026052196702 2 9 0
60 3.2436651701503036 false -0.02099950438616581 3 6 0
42 0.9391459766917978 false -0.13776107982049002 4 5 0
-1 0.0 true -0.09753983974373598 0 0 0
-1 0.0 true -0.26410592634737495 0 0 0
15 597.882948608175 false 0.013649157668303909 7 8 0
-1 0.0 true 0.05781435694565418 0 0 0
-1 0.0 true -0.044215360185892755 0 0 0
16 4481079.799999999 false -0.09297080884104947 10 13 0
27 847.7911873709593 false -0.09235294733615289 11 12 0
-1 0.0 true -0.024328764209628678 0 0 0
-1 0.0 true -0.14034400544867956 0 0 0
4 534.7142857142857 false -0.8867231160617275 14 15 0
-1 0.0 true -0.916931778091703 0 0 0
-1 0.0 true -0.5099112691968596 0 0 0
31 0.08089295316779374 false 0.033972978092488906 17 24 0
1 0.8766075466365179 false 0.04484190688069935 18 21 0
44 408.3272933182332 false -0.16811529141968903 19 20 0
-1 0.0 true -0.2907307032495583 0 0 0
-1 0.0 true 0.22907136764615826 0 0 0
62 73.83002189603437 false 0.05823266390189398 22 23 0
-1 0.0 true 0.03992242036151206 0 0 0
-1 0.0 true 0.13535586865816862 0 0 0
43 0.010031416350130822 false 0.008252054136892126 25 28 0
63 11.549104249464989 false -0.003760114007744965 26 27 0
-1 0.0 true 0.03461377561293868 0 0 0
-1 0.0 true -0.0370330636099765 0 0 0
1 1.066255277687561 false 0.26481273401475586 29 30 0
-1 0.0 true 0.2026981305140142 0 0 0
-1 0.0 true 0.536124033009276 0 0 0
;
67 0.5913074879666758 false -0.0036385212966585437 1 16 0
12 1.037816681148209 false -0.0777524884444608 2 9 0
67 0.0408231086902235 false -0.08089481457482457 3 6 0
60 1.072829131652661 false -0.4966932210623577 4 5 0
-1 0.0 true -0.49838823118166936 0 0 0
-1 0.0 true 1.8424975449990546 0 0 0
0 5.495552731893266 false 0.022022945608103535 7 8 0
-1 0.0 true 0.06439131270635458 0 0 0
-1 0.0 true -0.0430471145213888 0 0 0
22 0.20186992329890474 false -0.07362763043171175 10 13 0
31 0.08247802000371802 false -0.074029006711451 11 12 0
-1 0.0 true -0.05941296907399442 0 0 0
-1 0.0 true -0.11020468899787225 0 0 0
0 2.6666666666666665 false 4.454474325934493 14 15 0
-1 0.0 true 5.289682256074148 0 0 0
-1 0.0 true -0.5152762887238086 0 0 0
28 42.95954626843631 false 0.016865253299000665 17 24 0
0 16.494913829340057 false 0.045817398615274244 18 21 0
36 0.036062811553588765 false 0.0630655242224837 19 20 0
-1 0.0 true 0.6847331294190077 0 0 0
-1 0.0 true 0.06250941366117715 0 0 0
23 0.0936741901305218 false -0.06960719686332893 22 23 0
-1 0.0 true -0.07184031998294925 0 0 0
-1 0.0 true 1.7656827815935492 0 0 0
40 0.0395778287641152 false -0.024949888322545657 25 28 0
40 5.9011640625043175E-5 false 0.24596511254104056 26 27 0
-1 0.0 true 1.0390621537342786 0 0 0
-1 0.0 true -0.029616649053419968 0 0 0
20 0.01799716728305398 false -0.02658144303401409 29 30 0
-1 0.0 true -0.026644766962098814 0 0 0
-1 0.0 true 16.497197059183772 0 0 0
;
65 0.36387810109974084 false -0.004144477109687427 1 16 0
67 0.142517860840419 false 0.008666454245771447 2 9 0
58 40.39677419354837 false -0.48196373702076056 3 6 0
59 2.3544973544973544 false -0.4903193348398185 4 5 0
-1 0.0 true -0.4902039271142791 0 0 0
-1 0.0 true -0.5059849403389467 0 0 0
23 0.03282052906780923 false 0.3550550887787454 7 8 0
-1 0.0 true 0.26400745525542374 0 0 0
-1 0.0 true 14.14647562577259 0 0 0
66 0.4867317071351234 false 0.021793097259608627 10 13 0
36 0.02260222159385038 false 0.23527944144967394 11 12 0
-1 0.0 true 8.427189314432388 0 0 0
-1 0.0 true 0.23122774072831384 0 0 0
66 0.9090362303361541 false 0.014163495271352458 14 15 0
-1 0.0 true 0.03380728473758226 0 0 0
-1 0.0 true -0.052460283064730925 0 0 0
23 0.1234913712966124 false -0.0706887896937343 17 24 0
16 50286.1510116988 false -0.07080807713241623 18 21 0
34 14.202279202279202 false -0.05614614594316929 19 20 0
-1 0.0 true -0.05787665490274323 0 0 0
-1 0.0 true 4.292391147328166 0 0 0
0 0.40825714450002876 false -0.08386976195476446 22 23 0
-1 0.0 true -0.09251717150028477 0 0 0
-1 0.0 true -0.08109444183675592 0 0 0
-1 0.0 true 5.968558616555069 0 0 0
;
27 640.2728453025443 false -0.0048151160037253025 1 16 0
60 28.796340626502896 false 0.009504585943027442 2 9 0
60 1.4000689326301576 false -0.009172055931327016 3 6 0
42 0.854364810568841 false -0.20803541280391394 4 5 0
-1 0.0 true -0.16489001982192186 0 0 0
-1 0.0 true -0.48899791972925427 0 0 0
42 0.999668013048172 false 0.01613782342551362 7 8 0
-1 0.0 true 0.0879037606512467 0 0 0
-1 0.0 true -0.01882946170892898 0 0 0
15 571.2140503875972 false 0.057235105577536124 10 13 0
0 17.51243093922652 false 0.13039516651128025 11 12 0
-1 0.0 true 0.14822799842907325 0 0 0
-1 0.0 true -0.01406917370726169 0 0 0
8 60.052512514635026 false 0.025291156897334882 14 15 0
-1 0.0 true 0.04817923369781231 0 0 0
-1 0.0 true 0.004314925352630734 0 0 0
62 93.88316831683173 false -0.035474186027688384 17 24 0
7 110.80506692141887 false -0.04825497481082539 18 21 0
1 1.063098789261274 false -0.0305864699548662 19 20 0
-1 0.0 true -0.046359069224364856 0 0 0
-1 0.0 true 0.05799695180223922 0 0 0
0 2.4905660377358494 false -0.08080343932871702 22 23 0
-1 0.0 true -0.07448642433487175 0 0 0
-1 0.0 true -0.08699098772685539 0 0 0
50 446.0117647058824 false 0.07016992979724672 25 28 0
6 99.42 false 0.8803563986759673 26 27 0
-1 0.0 true 4.0514062697207365 0 0 0
-1 0.0 true -0.5495175355687106 0 0 0
43 0.009841147696688713 false 0.06880573460391877 29 30 0
-1 0.0 true 0.05388707346843813 0 0 0
-1 0.0 true 0.37198340942001396 0 0 0
;
61 165.4496527777778 false -0.001312064580552886 1 16 0
26 1811.7908071035397 false -0.004234038304679956 2 9 0
62 21.20215485238525 false 0.0049028886618330625 3 6 0
27 204.41016388845856 false -0.019543950040191518 4 5 0
-1 0.0 true 0.007614555510176035 0 0 0
-1 0.0 true -0.06667962808249407 0 0 0
6 207.49280654053143 false 0.04412166649248327 7 8 0
-1 0.0 true 0.11141905293357376 0 0 0
-1 0.0 true 0.01968658128471188 0 0 0
0 1.4607112018211792 false -0.06957299158225028 10 13 0
20 0.021091952345893047 false -0.06520704293770345 11 12 0
-1 0.0 true -0.06556493505017684 0 0 0
-1 0.0 true 3.7100821546606104 0 0 0
61 68.85166846071039 false -0.07282869445273579 14 15 0
-1 0.0 true -0.14758511261396787 0 0 0
-1 0.0 true 0.004516804414103068 0 0 0
49 336.5087719298246 false 0.14285782043661654 17 22 0
34 0.18256410256410258 false 1.2710099711080856 18 21 0
1 1.125 false 0.6252730564756802 19 20 0
-1 0.0 true -0.5192980155238147 0 0 0
-1 0.0 true 2.1840017890931014 0 0 0
-1 0.0 true 3.436396903516402 0 0 0
18 0.19182552217830817 false 0.14028499967419478 23 26 0
1 0.7613451589061345 false 0.13456800602355393 24 25 0
-1 0.0 true -0.1880948885063785 0 0 0
-1 0.0 true 0.1718452228368679 0 0 0
0 1.5714285714285714 false 1.7357508010399687 27 28 0
-1 0.0 true 2.698638925100472 0 0 0
-1 0.0 true 0.236959821127577 0 0 0
;
31 0.0784986372271429 false -0.0037197814429233327 1 16 0
60 24.29107407256474 false -0.004401619303304923 2 9 0
15 220.33654524976544 false -0.034025935914652215 3 6 0
67 0.1826306979046256 false 7.558582242163457E-4 4 5 0
-1 0.0 true -0.4628577145744254 0 0 0
-1 0.0 true 0.04457338953287711 0 0 0
49 188.6341415026495 false -0.061210102806196286 7 8 0
-1 0.0 true -0.0373504217956729 0 0 0
-1 0.0 true -0.08933572602738324 0 0 0
6 170.91413607140004 false 0.026010252138712196 10 13 0
0 7.5 false 0.10487875839056728 11 12 0
-1 0.0 true 0.09873289360421146 0 0 0
-1 0.0 true 0.12033931798992674 0 0 0
1 0.8729215258445565 false 0.007814505601793954 14 15 0
-1 0.0 true -0.1827900237996561 0 0 0
-1 0.0 true 0.019569549529378838 0 0 0
64 15.009080533082685 false -0.0019148111926896691 17 24 0
0 6.4894283772559085 false 0.01331597782657913 18 21 0
36 0.17685489730399806 false 0.02859370020768277 19 20 0
-1 0.0 true 0.05290501360138049 0 0 0
-1 0.0 true -0.03179355657490759 0 0 0
15 38554.36363636364 false -0.01763791206641064 22 23 0
-1 0.0 true -0.01813846791726004 0 0 0
-1 0.0 true 6.299443955403745 0 0 0
31 0.08501899249704949 false -0.09105821267053986 25 28 0
20 0.009343327775705585 false 0.027040424683582812 26 27 0
-1 0.0 true 0.024231691845061715 0 0 0
-1 0.0 true 2.8092031424873034 0 0 0
0 1.477327935222672 false -0.19403587952239748 29 30 0
-1 0.0 true -0.21113214616799203 0 0 0
-1 0.0 true -0.18371504723969406 0 0 0
;
66 0.8716443497072917 false 0.0015135410989889834 1 16 0
0 11.49775813152295 false 0.01755838381051105 2 9 0
7 131.60684771603837 false 0.03646255816410365 3 6 0
66 2.6977190017271123E-5 false 0.05088515243679509 4 5 0
-1 0.0 true 0.005634817339549189 0 0 0
-1 0.0 true 0.05387922140192065 0 0 0
41 0.026331355056043518 false -0.03208606815015512 7 8 0
-1 0.0 true -0.0744361860477903 0 0 0
-1 0.0 true 0.04301163769540279 0 0 0
39 0.023568917926789633 false -0.05678927698611091 10 13 0
24 0.006104114651046738 false -0.05647725337517634 11 12 0
-1 0.0 true -0.059057244926018694 0 0 0
-1 0.0 true 0.698511781459578 0 0 0
26 2.8571428571428568 false -3.317114883407587 14 15 0
-1 0.0 true -35.501738911465885 0 0 0
-1 0.0 true -0.5333834000195115 0 0 0
65 0.14344120976368946 false -0.046813631249204395 17 24 0
24 0.0011494741708054934 false -0.025968757838277554 18 21 0
2 1174404.56625 false -0.03971056446147595 19 20 0
-1 0.0 true -0.03910182498310205 0 0 0
-1 0.0 true -0.45660333111584595 0 0 0
16 3001181.5 false 0.08041680708898438 22 23 0
-1 0.0 true 0.07824284999236986 0 0 0
-1 0.0 true 2.376174149981228 0 0 0
0 3.479581836001307 false -0.12797498126804555 25 28 0
5 289.71795358649786 false -0.12747986498228256 26 27 0
-1 0.0 true -0.09722409384430082 0 0 0
-1 0.0 true -0.23314764014833383 0 0 0
39 0.012518064955026878 false -0.12856958069140548 29 30 0
-1 0.0 true -0.1301858012769857 0 0 0
-1 0.0 true 3.1839786534061596 0 0 0
;
62 56.00249134363651 false -0.001247193460236876 1 16 0
27 174.6202233291857 false -0.008624179016865867 2 9 0
67 0.06529684558610245 false 0.01763647707904356 3 6 0
60 5.318181818181818 false -0.49505201409168786 4 5 0
-1 0.0 true -0.4950243951163206 0 0 0
-1 0.0 true -0.5135769170018213 0 0 0
0 7.492717593290141 false 0.03991346024632919 7 8 0
-1 0.0 true 0.06184146738589515 0 0 0
-1 0.0 true -0.010414663817724153 0 0 0
37 0.01688730909843989 false -0.02728237071208742 10 13 0
25 0.0401049699001504 false -0.08063938788254257 11 12 0
-1 0.0 true -0.0816268218114972 0 0 0
-1 0.0 true 21.629814138272998 0 0 0
1 0.8898844668944875 false -0.009842601691870826 14 15 0
-1 0.0 true -0.1756459985929891 0 0 0
-1 0.0 true -9.70399150833707E-5 0 0 0
40 0.0254696177501115 false 0.04505543631138826 17 24 0
2 654.71 false 0.9914329378010982 18 21 0
0 20.5 false 1.1893886281092183 19 20 0
-1 0.0 true 0.8336399160826631 0 0 0
-1 0.0 true 38.127740604540314 0 0 0
0 1.3333333333333333 false -0.5234305696223067 22 23 0
-1 0.0 true -0.5595475590961996 0 0 0
-1 0.0 true -0.5101944715475315 0 0 0
40 0.9937399126509343 false 0.04328919665601286 25 28 0
29 0.5381221840806695 false 0.04227470865246773 26 27 0
-1 0.0 true 0.042029844282903864 0 0 0
-1 0.0 true 2.734520021797395 0 0 0
65 0.1573698557276777 false 1.790836735458924 29 30 0
-1 0.0 true -0.0452573985894638 0 0 0
-1 0.0 true 3.4526325141221963 0 0 0
;
44 290.50793301013664 false -0.0024389415378706283 1 16 0
1 0.957442935197438 false -0.015175159748123184 2 9 0
0 0.4767793349821379 false -0.2943459694576698 3 6 0
22 0.11742691956150043 false -0.43116880594048224 4 5 0
-1 0.0 true -0.43934271535960373 0 0 0
-1 0.0 true 0.9752037949964805 0 0 0
0 7.52079316992564 false -0.2758757532975005 7 8 0
-1 0.0 true -0.313199307947862 0 0 0
-1 0.0 true -0.2475522303077623 0 0 0
59 78.45578159026931 false -0.007926191854136662 10 13 0
33 52.14674422968665 false -0.01780020053427902 11 12 0
-1 0.0 true -0.02195246096238903 0 0 0
-1 0.0 true 0.14661050650066024 0 0 0
12 43.21185440535332 false 0.03615517395972139 14 15 0
-1 0.0 true 0.048512413137628815 0 0 0
-1 0.0 true -0.10487075690717898 0 0 0
1 1.0408422032626519 false 0.050069745766888336 17 24 0
59 37.555839518932615 false 0.040618626241988705 18 21 0
2 179.9248422529995 false 0.014125380670827688 19 20 0
-1 0.0 true 0.0968918496713195 0 0 0
-1 0.0 true -0.023523488501492735 0 0 0
65 1.17831541218638 false 0.08864139689546503 22 23 0
-1 0.0 true 0.0879945906417154 0 0 0
-1 0.0 true 12.936279039146338 0 0 0
20 0.0053430335488041224 false 0.12630535413025012 25 28 0
5 1435.1428571428569 false 0.1365968050706537 26 27 0
-1 0.0 true 0.12675053831207042 0 0 0
-1 0.0 true 0.9123033263066656 0 0 0
66 0.6948924731182795 false -0.43311760400391447 29 30 0
-1 0.0 true -0.48297933975595947 0 0 0
-1 0.0 true 1.949296190271826 0 0 0
;
65 0.22031552334000623 false -0.0027402172809606233 1 16 0
66 0.9105626153987295 false 0.013401026193209993 2 9 0
67 0.08283030026559654 false 0.030009694195893843 3 6 0
67 0.06223980517796956 false -0.48982188468489135 4 5 0
-1 0.0 true -0.49287110506704757 0 0 0
-1 0.0 true 1.9904745862487339 0 0 0
6 103.91511935890932 false 0.044528914758227775 7 8 0
-1 0.0 true 0.14438779911765737 0 0 0
-1 0.0 true 0.011406195163715096 0 0 0
51 3018.105263157894 false -0.03959816878614638 10 13 0
61 291.38461538461536 false -0.03971527605810707 11 12 0
-1 0.0 true -0.040077440273154796 0 0 0
-1 0.0 true 4.821645191466736 0 0 0
4 1480.1666666666667 false 3.4542454433500533 14 15 0
-1 0.0 true -0.5099235555263231 0 0 0
-1 0.0 true 40.600988693350594 0 0 0
20 0.013778905620939957 false -0.03410540807091971 17 24 0
31 0.07902846664419794 false -0.034206091034783635 18 21 0
2 1479240.0754545452 false -0.03166484331574748 19 20 0
-1 0.0 true -0.03213381825289207 0 0 0
-1 0.0 true 1.1678931620228374 0 0 0
52 55.230398111434546 false -0.04127055061642375 22 23 0
-1 0.0 true 0.06903821488922429 0 0 0
-1 0.0 true -0.07410471540359433 0 0 0
4 72.66666666666666 false 2.9547029077958857 25 28 0
4 59.0 false -0.5065010192260379 26 27 0
-1 0.0 true -0.5065010192260379 0 0 0
-1 0.0 true -0.5065010192260379 0 0 0
1 1.5 false 3.308243636585694 29 30 0
-1 0.0 true 18.29064745693724 0 0 0
-1 0.0 true 1.5097437851045645 0 0 0
;
28 42.95910652385415 false -0.003400448793896708 1 16 0
59 29.870168354080995 false 0.017237780829825435 2 9 0
19 0.0015776168942034327 false -0.0037202067691478186 3 6 0
67 0.32367822018500614 false 0.03650632120815223 4 5 0
-1 0.0 true -0.3231827644807812 0 0 0
-1 0.0 true 0.07306014102549928 0 0 0
27 14406.2 false -0.0335592032190969 7 8 0
-1 0.0 true -0.03366283134737797 0 0 0
-1 0.0 true 11.249379017698677 0 0 0
18 0.1748160619881619 false 0.04332320155808403 10 13 0
31 0.08090006196585829 false 0.042251025424694576 11 12 0
-1 0.0 true 0.0462159659280664 0 0 0
-1 0.0 true 0.03281121950657539 0 0 0
25 0.030070707360831846 false 0.8703671123460409 14 15 0
-1 0.0 true 0.5840695270592056 0 0 0
-1 0.0 true 2.3729771186445427 0 0 0
44 877.0509601181687 false -0.035477436180642925 17 24 0
55 0.11609291762194923 false -0.03548490762863168 18 21 0
52 1341.3551401869165 false 0.00856955906413866 19 20 0
-1 0.0 true -4.8548199612528345E-4 0 0 0
-1 0.0 true 0.22469007179452008 0 0 0
0 3.4744237711746737 false -0.05181100392755258 22 23 0
-1 0.0 true -0.05240253767119444 0 0 0
-1 0.0 true -0.05104080656605668 0 0 0
29 2.537298284786359E-4 false -0.026685367545613518 25 28 0
58 126.99999999999999 false -0.14649734364836456 26 27 0
-1 0.0 true -0.2652163220337558 0 0 0
-1 0.0 true 3.0951193159998796 0 0 0
3 42.333333333333336 false 6.955761485417392 29 30 0
-1 0.0 true 3.4556156154157653 0 0 0
-1 0.0 true 62.43713187753745 0 0 0
;
66 0.855523496327753 false -8.045707589461497E-4 1 16 0
31 0.07867578427844368 false 0.01074594438551474 2 9 0
51 2485.3014440433208 false 0.008138698909581764 3 6 0
0 14.495634491250328 false 0.006469734518526537 4 5 0
-1 0.0 true 0.020411743005113097 0 0 0
-1 0.0 true -0.07277582871869259 0 0 0
1 1.0770341839191142 false 0.21629707797979938 7 8 0
-1 0.0 true 0.15629265743346976 0 0 0
-1 0.0 true 0.5317334720477872 0 0 0
12 2.6709487265238576 false 0.017364162896246073 10 13 0
0 0.45073513276278254 false 0.0657893289765571 11 12 0
-1 0.0 true 0.10892183256385032 0 0 0
-1 0.0 true 0.05135695233796821 0 0 0
41 0.010923394577657163 false -0.016154451260228735 14 15 0
-1 0.0 true -0.0982035877063906 0 0 0
-1 0.0 true 0.008211616711221125 0 0 0
55 0.08546370625550467 false -0.030152516000435836 17 22 0
40 0.7366298937160383 false 0.03443714538667711 18 21 0
36 0.0037844297236580434 false 0.03414436266298896 19 20 0
-1 0.0 true 2.2455410799345192 0 0 0
-1 0.0 true 0.03289789284153634 0 0 0
-1 0.0 true 8.090414689062277 0 0 0
25 0.014149495301443694 false -0.050195061799233366 23 26 0
0 3.4862193278288176 false -0.08734685036645322 24 25 0
-1 0.0 true -0.07697641099719736 0 0 0
-1 0.0 true -0.09975471640184988 0 0 0
2 25112.58114485982 false 4.982987130473537E-4 27 28 0
-1 0.0 true 0.003338983431033955 0 0 0
-1 0.0 true -0.24291505854298648 0 0 0
;
31 0.07849517725131516 false -0.0019352050177282505 1 16 0
62 93.14321529301156 false -0.0021380892582628336 2 9 0
9 225.18606385245175 false -0.006446452463902042 3 6 0
62 14.287057969511562 false 0.009676700860000241 4 5 0
-1 0.0 true -0.021855021992117283 0 0 0
-1 0.0 true 0.06140672637530196 0 0 0
0 2.4828093836071803 false -0.04132947477464419 7 8 0
-1 0.0 true -0.05629591428736112 0 0 0
-1 0.0 true -0.02525724494069394 0 0 0
35 92.35837563451778 false 0.09813969920124557 10 13 0
27 2063.102980230158 false 0.09196022024969881 11 12 0
-1 0.0 true 0.17076042368236055 0 0 0
-1 0.0 true 0.008182430859978187 0 0 0
65 0.06536720676547857 false 0.9983981954576788 14 15 0
-1 0.0 true 4.726090276990273 0 0 0
-1 0.0 true 0.310365169387971 0 0 0
12 2.4539523601453155 false -0.0013994142660935722 17 24 0
1 1.0405041720310642 false 0.02236899430973888 18 21 0
13 10.381818181818183 false 0.008895049772683874 19 20 0
-1 0.0 true 0.00782065473692683 0 0 0
-1 0.0 true 2.208210334159217 0 0 0
37 0.057814332187442884 false 0.12617774870382523 22 23 0
-1 0.0 true 0.087392438149843 0 0 0
-1 0.0 true 0.5177060780611783 0 0 0
31 0.08878994907238874 false -0.026915834209175215 25 28 0
22 0.18757459813510752 false 0.035014432792639466 26 27 0
-1 0.0 true 0.034498789878323284 0 0 0
-1 0.0 true 2.081355654152051 0 0 0
0 1.4648431463452325 false -0.12245885710575974 29 30 0
-1 0.0 true -0.13597156583280853 0 0 0
-1 0.0 true -0.11397589116141275 0 0 0
;
66 0.8524044920597624 false -0.006126384303636134 1 16 0
65 0.16335750622677944 false 0.00842159756593212 2 9 0
67 0.0860728343537707 false 0.04578169125868282 3 6 0
67 0.07683342298726914 false -0.49658561662800055 4 5 0
-1 0.0 true -0.5004322490379968 0 0 0
-1 0.0 true 5.011938863467917 0 0 0
0 4.4838040728298285 false 0.06632441444891783 7 8 0
-1 0.0 true 0.06370527191138647 0 0 0
-1 0.0 true 0.07092198963083529 0 0 0
9 58.58597780891782 false -0.01837669713102548 10 13 0
0 5.4948227172889865 false 0.015392018919189392 11 12 0
-1 0.0 true 0.04585189708775312 0 0 0
-1 0.0 true -0.03312978506160201 0 0 0
39 0.002413208206259694 false -0.034664801326118176 14 15 0
-1 0.0 true -0.129395556747668 0 0 0
-1 0.0 true -0.016766005861558755 0 0 0
2 1330206.9046666666 false -0.0426179160200796 17 24 0
65 0.05442874724289663 false -0.04221721397258524 18 21 0
39 0.014789561440630544 false -0.028617530815832085 19 20 0
-1 0.0 true -0.029445492817865227 0 0 0
-1 0.0 true 1.4389116301109226 0 0 0
0 2.483055748322924 false -0.053960062230279486 22 23 0
-1 0.0 true -0.06755324846710524 0 0 0
-1 0.0 true -0.04047470191827853 0 0 0
25 0.041185095845194156 false -0.6178551556008384 25 28 0
6 212.66666666666666 false -0.5888872783283177 26 27 0
-1 0.0 true -0.5367439318005359 0 0 0
-1 0.0 true -0.615255717353341 0 0 0
4 110.5 false -0.7533304322449241 29 30 0
-1 0.0 true -0.8301648942156623 0 0 0
-1 0.0 true -0.6494423449088519 0 0 0
;
31 0.07850146132769795 false -8.118498200393143E-6 1 16 0
62 33.59763677044793 false -9.008288185063974E-4 2 9 0
5 285.007242005291 false -0.013219542655960308 3 6 0
2 586802.6494573646 false -0.004416619229226234 4 5 0
-1 0.0 true -0.00516198648374316 0 0 0
-1 0.0 true 0.32223817568539426 0 0 0
2 1350998.788 false -0.07436955169319312 7 8 0
-1 0.0 true -0.0754313537450773 0 0 0
-1 0.0 true 0.8982559791004074 0 0 0
18 0.22724118522319103 false 0.026941098045734416 10 13 0
8 122.15252499112736 false 0.026708789754742977 11 12 0
-1 0.0 true 0.060449774253332485 0 0 0
-1 0.0 true -0.02347270316309855 0 0 0
2 245.315 false 2.8287436591612836 14 15 0
-1 0.0 true 7.785008700278906 0 0 0
-1 0.0 true 0.9700971011613055 0 0 0
12 10.254412873687043 false 0.002350576217597335 17 24 0
5 3146.525 false 0.015251443330094195 18 21 0
24 0.0012216647965865098 false 0.01504913563523657 19 20 0
-1 0.0 true 0.004534940952572662 0 0 0
-1 0.0 true 0.06158367971849085 0 0 0
4 2984.714285714286 false 0.7444020489713938 22 23 0
-1 0.0 true -0.03481177101581724 0 0 0
-1 0.0 true 2.226592090059369 0 0 0
19 0.025426052410510384 false -0.06810547462783495 25 28 0
2 1443655.44 false -0.1136897622798536 26 27 0
-1 0.0 true -0.11427142520037406 0 0 0
-1 0.0 true 2.7507369318657657 0 0 0
26 4653.27037037037 false 0.05137159562146533 29 30 0
-1 0.0 true 0.09776742092928233 0 0 0
-1 0.0 true -0.16386584345435937 0 0 0
;
0 18.497992434648467 false -2.887436655621611E-4 1 16 0
36 0.2053900239215175 false 0.010762165872358577 2 9 0
1 0.9430862014175774 false 0.020937697322286966 3 6 0
44 408.23174603174607 false -0.11876925676522572 4 5 0
-1 0.0 true -0.2338563447676881 0 0 0
-1 0.0 true 0.08563844794197693 0 0 0
62 57.871488988190215 false 0.026046253649291126 7 8 0
-1 0.0 true 0.022004004226138064 0 0 0
-1 0.0 true 0.05008413007906632 0 0 0
61 299.7659574468085 false -0.03194706447642457 10 13 0
20 0.002409879945463122 false -0.03267330877864939 11 12 0
-1 0.0 true -0.03896339126284491 0 0 0
-1 0.0 true 0.19216324857398878 0 0 0
55 0.10780316703733006 false 1.4905699626643378 14 15 0
-1 0.0 true 4.756777725536564 0 0 0
-1 0.0 true 0.7167699395800675 0 0 0
62 350.3333333333333 false -0.09937734614308132 17 24 0
40 0.9981346800935528 false -0.09921951511420851 18 21 0
44 320.4717313838581 false -0.09978657736787311 19 20 0
-1 0.0 true -0.12859375354321723 0 0 0
-1 0.0 true 0.04387781840291472 0 0 0
4 730.2 false 3.7067030337391125 22 23 0
-1 0.0 true 1.4253343241865577 0 0 0
-1 0.0 true 9.817064832890669 0 0 0
2 802.72 false -0.47716510577541865 25 26 0
-1 0.0 true 0.9638129383595956 0 0 0
-1 0.0 true -0.9577492772837959 0 0 0
;
27 1034.1422790913514 false 0.0038957129235020318 1 16 0
61 39.248554795773856 false 0.012495330594093456 2 9 0
37 0.015476087164151177 false 1.0531761974760542E-4 3 6 0
5 17.01547110958345 false -0.035983664600152385 4 5 0
-1 0.0 true 0.0013371113427436358 0 0 0
-1 0.0 true -0.062140914259657176 0 0 0
19 0.0036761448914392177 false 0.024162500597699466 7 8 0
-1 0.0 true 0.08398748604859395 0 0 0
-1 0.0 true -0.0030271821936322467 0 0 0
55 0.21618385077685376 false 0.05654673225320992 10 13 0
1 1.066470482969797 false 0.07504459210811072 11 12 0
-1 0.0 true 0.07010415372425875 0 0 0
-1 0.0 true 0.09830743152688667 0 0 0
24 0.0021964471345395508 false -0.004679841251350571 14 15 0
-1 0.0 true -0.028564079567418712 0 0 0
-1 0.0 true 0.18778199843014898 0 0 0
28 38.670626237365845 false -0.030685409004328427 17 24 0
39 0.017727930979483206 false 0.1965040275234418 18 21 0
43 0.018919923118433494 false 0.18338963732066654 19 20 0
-1 0.0 true 0.1701882288225401 0 0 0
-1 0.0 true 2.6734263505321967 0 0 0
1 0.6666666666666666 false 12.737077505836114 22 23 0
-1 0.0 true -0.5091414396431324 0 0 0
-1 0.0 true 16.775573215956527 0 0 0
0 3.480666861655455 false -0.03785675152855488 25 28 0
29 0.13064689330930307 false -0.04362242423172111 26 27 0
-1 0.0 true -0.08115820870503487 0 0 0
-1 0.0 true -0.022294519553780763 0 0 0
1 1.0365248903299638 false -0.02954175316170637 29 30 0
-1 0.0 true -0.045843780757742134 0 0 0
-1 0.0 true 0.21111293322298144 0 0 0
;
1 0.9408354077848626 false -0.0035983404722118636 1 14 0
0 0.4793534166054372 false -0.13926645996747924 2 7 0
43 0.021377588320970996 false -0.2717874183860863 3 6 0
61 373.8333333333333 false -0.2665498238127157 4 5 0
-1 0.0 true -0.26903921350789506 0 0 0
-1 0.0 true 0.9077463297011943 0 0 0
-1 0.0 true -1.7969499077748907 0 0 0
27 1351.4186008632619 false -0.11841715417868266 8 11 0
44 408.50936421882693 false -0.07536927301571014 9 10 0
-1 0.0 true -0.22299029250004188 0 0 0
-1 0.0 true 0.115130338032406 0 0 0
0 3.4924795874516543 false -0.23380916608146673 12 13 0
-1 0.0 true -0.28560507505422095 0 0 0
-1 0.0 true -0.2068814295592672 0 0 0
14 341.7615384615385 false 0.0014991133339549128 15 22 0
39 0.0052210576920821644 false 0.001383393142011368 16 19 0
11 4.349869021112372 false -0.00823073223166894 17 18 0
-1 0.0 true 0.007083974943465242 0 0 0
-1 0.0 true -0.019287819795906356 0 0 0
0 0.38434173910548813 false 0.029665625095258115 20 21 0
-1 0.0 true -0.01788242728764589 0 0 0
-1 0.0 true 0.05378759241809702 0 0 0
1 1.0384615384615385 false 0.5232236033380664 23 26 0
11 361.4285714285715 false 0.2375043317669541 24 25 0
-1 0.0 true 9.331821269969392 0 0 0
-1 0.0 true -0.08323334759556067 0 0 0
7 300.3333333333333 false 2.5392108661913526 27 28 0
-1 0.0 true 2.450092309826992 0 0 0
-1 0.0 true 2.63331553619132 0 0 0
;
31 0.07846364502459942 false -7.448833980316733E-4 1 16 0
66 0.8845335650735531 false -0.003306821907681257 2 9 0
22 0.09221845612141585 false 0.011041830056743923 3 6 0
5 663.9064628000726 false 0.008009706169898679 4 5 0
-1 0.0 true 0.015285623271534753 0 0 0
-1 0.0 true -0.04538299708932095 0 0 0
62 155.2164948453608 false 0.09731074312148148 7 8 0
-1 0.0 true 0.07506423989378017 0 0 0
-1 0.0 true 0.51532111192062 0 0 0
0 2.4792091836734693 false -0.05263125171734954 10 13 0
22 0.05068627192588816 false -0.055000982008646705 11 12 0
-1 0.0 true -0.026385242835887352 0 0 0
-1 0.0 true -0.14866501093764006 0 0 0
36 0.6239457296809956 false -0.05034193981330534 14 15 0
-1 0.0 true -0.05058848443529933 0 0 0
-1 0.0 true 16.830707671240177 0 0 0
24 0.012502825298915892 false 0.005997221207044728 17 24 0
1 1.04811292117778 false 0.006263158058211946 18 21 0
2 522.0591501036288 false -0.00559568847826865 19 20 0
-1 0.0 true 0.02489255705329639 0 0 0
-1 0.0 true -0.054450978192855125 0 0 0
67 0.8009159047548106 false 0.07838965409843932 22 23 0
-1 0.0 true 0.027507013424047686 0 0 0
-1 0.0 true 0.21835685819468656 0 0 0
27 980.0 false -0.9079075017043413 25 28 0
67 0.4736077481840194 false -0.5587892469202962 26 27 0
-1 0.0 true -0.6321403515459268 0 0 0
-1 0.0 true -0.5397675369466131 0 0 0
2 1175.3533333333335 false -2.7862743512440047 29 30 0
-1 0.0 true -5.327947269269831 0 0 0
-1 0.0 true -1.77357541746692 0 0 0
;
26 2076.307644110275 false 4.2488437839400194E-4 1 16 0
61 38.83367762827311 false 0.005581406557012493 2 9 0
4 183.16712094931307 false -0.004256258224388577 3 6 0
60 11.04558846575772 false 0.00646242543536281 4 5 0
-1 0.0 true -0.017913453950293774 0 0 0
-1 0.0 true 0.03411469172794378 0 0 0
29 0.14156092507594892 false -0.04522376731516931 7 8 0
-1 0.0 true -0.08542732456201761 0 0 0
-1 0.0 true 0.001212163414917345 0 0 0
2 1072731.5 false 0.030607481713272277 10 13 0
2 1027424.01 false 0.031164100305471044 11 12 0
-1 0.0 true 0.031019483449169653 0 0 0
-1 0.0 true 4.0149490608281795 0 0 0
13 17.400000000000002 false -0.5217379038472705 14 15 0
-1 0.0 true -0.5972849346825354 0 0 0
-1 0.0 true 0.25318282429806577 0 0 0
2 2145086.86 false -0.04217409398285415 17 24 0
2 262246.7766666666 false -0.042338464629571367 18 21 0
62 115.63383152173904 false -0.04168914714959793 19 20 0
-1 0.0 true -0.05230723107906811 0 0 0
-1 0.0 true 0.03580008809776577 0 0 0
10 34.2 false -0.5842756904238465 22 23 0
-1 0.0 true -0.5447768484413724 0 0 0
-1 0.0 true -0.623765841530681 0 0 0
-1 0.0 true 2.9887642493070405 0 0 0
;
66 0.9921338270061691 false 0.0017146191969235596 1 16 0
61 162.09223900446477 false 0.012170358786224503 2 9 0
31 0.07863080448167613 false 0.010069389588932364 3 6 0
16 4386456.8028169 false 0.0074463080243057315 4 5 0
-1 0.0 true 0.0072751175125757616 0 0 0
-1 0.0 true 1.25878237448463 0 0 0
31 0.08768461879061126 false 0.016828868599746707 7 8 0
-1 0.0 true 0.06099523188018985 0 0 0
-1 0.0 true -0.06383867406184858 0 0 0
15 2323.398109864148 false 0.0930563540100575 10 13 0
4 1657.75 false 0.31418607780620467 11 12 0
-1 0.0 true 0.29397051799287927 0 0 0
-1 0.0 true 9.401577888969168 0 0 0
2 832766.1799999999 false 0.060614292290283985 14 15 0
-1 0.0 true 0.05992119502363241 0 0 0
-1 0.0 true 1.515272477367062 0 0 0
14 132.8 false -0.07745066657987064 17 24 0
0 2.483989374547211 false -0.07701975141220195 18 21 0
54 8.954223061913458 false -0.07134241282602263 19 20 0
-1 0.0 true 0.031858207790606 0 0 0
-1 0.0 true -0.14536203965995795 0 0 0
36 0.010112018004910975 false -0.0822252741806751 22 23 0
-1 0.0 true 5.077011078602826 0 0 0
-1 0.0 true -0.08382006120865026 0 0 0
11 137.2 false -2.9207826926782237 25 26 0
-1 0.0 true -1213.187232172098 0 0 0
1 1.4444444444444444 false -0.5465782748501617 27 28 0
-1 0.0 true -0.5087611182234119 0 0 0
-1 0.0 true -0.5539396234338663 0 0 0
;
1 0.9408555255721827 false 0.0033032544093742782 1 16 0
0 0.47633836143152913 false -0.1213314247749137 2 9 0
22 0.1514752464149169 false -0.2679031272299505 3 6 0
43 0.024145794878931412 false -0.28396454446093006 4 5 0
-1 0.0 true -0.286259579340841 0 0 0
-1 0.0 true 0.7801466607823027 0 0 0
10 88.33333333333333 false 1.2853194927946012 7 8 0
-1 0.0 true -0.014157958260656179 0 0 0
-1 0.0 true 11.464977527628532 0 0 0
44 444.43814432989666 false -0.09942196963001029 10 13 0
36 0.34903728423307 false -0.20062843073998185 11 12 0
-1 0.0 true -0.20950293184358368 0 0 0
-1 0.0 true 1.4653478755069262 0 0 0
18 0.0861131695231028 false 0.09936028258153169 14 15 0
-1 0.0 true 0.05426485697753927 0 0 0
-1 0.0 true 0.5533504628134728 0 0 0
0 18.498520297057347 false 0.007805477480699671 17 24 0
31 0.07848845037106712 false 0.016135891427818058 18 21 0
32 4.946503392533723 false 0.013962116965121998 19 20 0
-1 0.0 true 0.01886745586302535 0 0 0
-1 0.0 true -0.06269940132640314 0 0 0
19 0.15316815949516382 false 0.02188692677054288 22 23 0
-1 0.0 true 0.021729014521220714 0 0 0
-1 0.0 true 2.5978551421762774 0 0 0
52 2662.111111111111 false -0.07220200609271665 25 28 0
65 0.3897011123637757 false -0.07267753175753092 26 27 0
-1 0.0 true -0.0501558903754102 0 0 0
-1 0.0 true -0.18262138054239496 0 0 0
67 0.8381232480124994 false 1.4364185001897196 29 30 0
-1 0.0 true 0.7274345598344997 0 0 0
-1 0.0 true 39.45364304107189 0 0 0
;
5 59.91834053182592 false -0.007322899681620611 1 16 0
0 0.44094580221372887 false 0.029626333796545782 2 9 0
25 0.05897338147923163 false 0.09105533488343642 3 6 0
60 1.850190993705279 false 0.0897715326254128 4 5 0
-1 0.0 true 0.006118492523307394 0 0 0
-1 0.0 true 0.10070567692087186 0 0 0
58 4.0 false 3.1107860654246444 7 8 0
-1 0.0 true -0.5249291981512146 0 0 0
-1 0.0 true 4.017916803043779 0 0 0
59 80.55320472930936 false 0.009912656046201094 10 13 0
60 3.1578851645947914 false 0.006395294902086 11 12 0
-1 0.0 true -0.0671695020158189 0 0 0
-1 0.0 true 0.049284329011590626 0 0 0
57 0.8501473644924693 false 0.3047180438843012 14 15 0
-1 0.0 true 0.28458282335320995 0 0 0
-1 0.0 true 3.4524828656118656 0 0 0
0 2.4835993547287103 false -0.021380018585608954 17 24 0
30 0.03522452289352345 false -0.03208895563767695 18 21 0
6 4587.6 false -0.09672279633622294 19 20 0
-1 0.0 true -0.0977805581089447 0 0 0
-1 0.0 true 2.5902547923978063 0 0 0
18 0.015931757600792684 false -0.017200644518502704 22 23 0
-1 0.0 true 0.11197368863365853 0 0 0
-1 0.0 true -0.018681910973051857 0 0 0
37 0.012779956908690479 false -0.01052361953834207 25 28 0
18 0.21275589591054866 false -0.11445477295748109 26 27 0
-1 0.0 true -0.11629023355206349 0 0 0
-1 0.0 true 1.6065005604906617 0 0 0
22 0.05090123406662608 false 0.0038435447760067363 29 30 0
-1 0.0 true -0.019705240629980084 0 0 0
-1 0.0 true 0.06883575369630378 0 0 0
;
28 39.1851267053722 false -4.4013263184980954E-4 1 16 0
0 8.502187992298268 false 0.03449884497376046 2 9 0
67 0.6391975930065793 false 0.05276024171675214 3 6 0
61 264.6904761904762 false 0.021399218757956903 4 5 0
-1 0.0 true 0.019462609671490834 0 0 0
-1 0.0 true 0.9598163244239178 0 0 0
40 0.034750947600123275 false 0.06801535102175467 7 8 0
-1 0.0 true 0.45678677698847797 0 0 0
-1 0.0 true 0.06581607127431384 0 0 0
24 6.210047858472132E-4 false -0.015312230204022422 10 13 0
22 0.07187636957654352 false -0.06892709153611522 11 12 0
-1 0.0 true -0.07774339133641045 0 0 0
-1 0.0 true 0.28614789140173236 0 0 0
14 251.83333333333331 false 0.06559318487802263 14 15 0
-1 0.0 true 0.06471454066983708 0 0 0
-1 0.0 true 1.1741862287206315 0 0 0
7 28.431917474281757 false -0.014402090572451216 17 24 0
24 0.006352782928878196 false -0.0014027209477217334 18 21 0
59 18.111823561054347 false -8.60667595171222E-4 19 20 0
-1 0.0 true -0.021294109566816037 0 0 0
-1 0.0 true 0.027436287822428553 0 0 0
14 85.57142857142857 false -0.5208322262528481 22 23 0
-1 0.0 true -0.588159454652093 0 0 0
-1 0.0 true 3.334855123274392 0 0 0
0 3.475712105798576 false -0.024010753999654053 25 28 0
40 0.19555806027234984 false -0.03168570304318601 26 27 0
-1 0.0 true -0.014921047676062296 0 0 0
-1 0.0 true -0.07927194961121412 0 0 0
37 0.016104185381969213 false -0.01344241469984406 29 30 0
-1 0.0 true -0.10099985597848486 0 0 0
-1 0.0 true 0.006526364285279513 0 0 0
;
15 469.16702019967374 false -8.174390991587097E-4 1 16 0
51 442.33277691665694 false 0.02402779444623179 2 9 0
2 691693.5822619048 false 0.01809880507420465 3 6 0
67 0.7309304319129116 false 0.01717540915679867 4 5 0
-1 0.0 true -0.010848552546351064 0 0 0
-1 0.0 true 0.05277210457690417 0 0 0
62 26.5 false 0.3952478753276958 7 8 0
-1 0.0 true 0.2941600818403945 0 0 0
-1 0.0 true 2.0600528632357054 0 0 0
1 1.104731470982373 false 0.1776091181856893 10 13 0
65 0.152928571054755 false 0.14510584899858114 11 12 0
-1 0.0 true 0.32687552967401917 0 0 0
-1 0.0 true -0.025516089203425896 0 0 0
2 1236.8468015665787 false 0.2855950345039406 14 15 0
-1 0.0 true 0.6061781105663587 0 0 0
-1 0.0 true 0.04452185729239706 0 0 0
44 59.90571826483786 false -0.014254755320314191 17 24 0
39 0.0030719811922163805 false 0.032451621630196534 18 21 0
2 999275.9125 false -0.0027211726087915467 19 20 0
-1 0.0 true -0.003400555139958823 0 0 0
-1 0.0 true 1.9295217226969834 0 0 0
2 23272.909578544073 false 0.06289873247022215 22 23 0
-1 0.0 true 0.06766135072961453 0 0 0
-1 0.0 true -0.23437721284349186 0 0 0
0 4.48620526564717 false -0.02911415046725761 25 28 0
29 0.15572703947807265 false -0.03211504991852042 26 27 0
-1 0.0 true -0.05090674287547427 0 0 0
-1 0.0 true 0.014956560753997972 0 0 0
62 355.44444444444446 false -0.024078113553443126 29 30 0
-1 0.0 true -0.023913085078878342 0 0 0
-1 0.0 true -0.9074633847884771 0 0 0
;
43 0.09710721458331895 false -7.466811224118091E-4 1 14 0
39 0.009532817847788349 false -7.187641110792494E-4 2 9 0
9 250.97784824219963 false -0.0033688000334656507 3 6 0
58 10.132270504546167 false 0.003927142601149347 4 5 0
-1 0.0 true -0.02120070474985419 0 0 0
-1 0.0 true 0.01386997221584638 0 0 0
41 0.00458364141710645 false -0.019828905891881483 7 8 0
-1 0.0 true -0.10909215013571762 0 0 0
-1 0.0 true -0.009578649847558893 0 0 0
45 316.0833333333333 false 0.059957162449331934 10 13 0
7 830.6760563380283 false 0.059493489859645726 11 12 0
-1 0.0 true 0.05686653005935704 0 0 0
-1 0.0 true 0.7373079942106203 0 0 0
-1 0.0 true 7.21687802241783 0 0 0
-1 0.0 true -1.4896566421388153 0 0 0
;
66 0.8438502200275066 false 5.380268681944617E-4 1 16 0
31 0.07867235482342418 false 0.008325973318372735 2 9 0
52 1574.9506742370477 false 0.008792781570169834 3 6 0
65 0.6905610466772731 false 0.006762023902971368 4 5 0
-1 0.0 true 0.014099427512784703 0 0 0
-1 0.0 true -0.09792085159571215 0 0 0
44 462.7910447761194 false 0.17031789370524003 7 8 0
-1 0.0 true 0.14415212482736034 0 0 0
-1 0.0 true 2.033504930696131 0 0 0
22 0.1813159260628796 false 0.007154111693963844 10 13 0
6 1358.4683814616753 false 0.0067955725065302185 11 12 0
-1 0.0 true 0.014181531483529896 0 0 0
-1 0.0 true -0.11583667271527079 0 0 0
36 0.2857001548626956 false 0.8894757338229872 14 15 0
-1 0.0 true 0.5566604331218326 0 0 0
-1 0.0 true 2.3323644330011537 0 0 0
55 0.11974280322066591 false -0.01800264015940407 17 24 0
16 2964322.966666667 false 0.03249861857537489 18 21 0
0 9.496311438983202 false 0.031970726561566576 19 20 0
-1 0.0 true 0.04253346842846848 0 0 0
-1 0.0 true -0.004162378258152127 0 0 0
18 0.044963435611770214 false 0.7768979778944682 22 23 0
-1 0.0 true 2.1884056306773028 0 0 0
-1 0.0 true 0.09277077629445037 0 0 0
20 0.005401106653127704 false -0.05727374218440401 25 28 0
0 2.484651931419128 false -0.05689693224502313 26 27 0
-1 0.0 true -0.062398508744889024 0 0 0
-1 0.0 true -0.05158125955803955 0 0 0
19 0.024860362139211892 false -0.7555989116892008 29 30 0
-1 0.0 true -1.7125579245259592 0 0 0
-1 0.0 true -0.1641625594323325 0 0 0
;
28 43.87131546954723 false 5.992662194464983E-4 1 14 0
0 19.50126536262077 false 0.011897360829412134 2 9 0
60 32.43065016914595 false 0.020710730139384292 3 6 0
5 118.37212856365383 false 0.01278644678421032 4 5 0
-1 0.0 true 0.03309875364963297 0 0 0
-1 0.0 true -0.029532793595534176 0 0 0
44 913.881097560975 false 0.03218486611437027 7 8 0
-1 0.0 true 0.03229009137950089 0 0 0
-1 0.0 true -1.518645893927874 0 0 0
6 4536.333333333334 false -0.08014506889215658 10 13 0
62 356.3333333333333 false -0.08046946427987915 11 12 0
-1 0.0 true -0.08022393002128704 0 0 0
-1 0.0 true -0.8526420363992256 0 0 0
-1 0.0 true 42.18070278901019 0 0 0
6 69.35666680629737 false -0.03061652198418025 15 22 0
54 174.99999999999997 false 0.014130306531367062 16 19 0
39 0.01149043673082164 false 0.013641041796112753 17 18 0
-1 0.0 true 0.014658103570458917 0 0 0
-1 0.0 true -0.5996389788443001 0 0 0
2 374.6833333333333 false 1.6659590819030237 20 21 0
-1 0.0 true -0.5293355388067167 0 0 0
-1 0.0 true 12.013416335746864 0 0 0
0 2.483007164074786 false -0.04504530141787311 23 26 0
28 45.36211750588453 false -0.05065534115323496 24 25 0
-1 0.0 true -0.025422680329196513 0 0 0
-1 0.0 true -0.114536051000337 0 0 0
25 0.011883188219677956 false -0.03904122885428019 27 28 0
-1 0.0 true -0.11774311786911425 0 0 0
-1 0.0 true -0.008152704678615482 0 0 0
;
66 0.9955154390310781 false -0.003112101496271287 1 16 0
31 0.07863733961320458 false 0.003312581519987237 2 9 0
33 63.91827350934438 false 1.9749547785303587E-4 3 6 0
60 261.8455344070276 false -0.002662371569976357 4 5 0
-1 0.0 true -0.0016465188968273212 0 0 0
-1 0.0 true -0.17198084501275301 0 0 0
2 4332.983913043482 false 0.15039630739036497 7 8 0
-1 0.0 true 0.1913509361493554 0 0 0
-1 0.0 true -0.4810394611944449 0 0 0
54 413.8283168316831 false 0.011248704881388384 10 13 0
1 1.0493934454822664 false 0.013406695158055353 11 12 0
-1 0.0 true 0.007916880208062384 0 0 0
-1 0.0 true 0.04546927310099457 0 0 0
30 0.08979234236833175 false -0.09103696511566961 14 15 0
-1 0.0 true 1.0018612179165003 0 0 0
-1 0.0 true -0.10323913586647859 0 0 0
62 210.66666666666663 false -0.05336465039793504 17 22 0
36 0.6143512219284236 false -0.053616791752893446 18 21 0
39 0.010143186460329457 false -0.053520078300820076 19 20 0
-1 0.0 true -0.056021376799916256 0 0 0
-1 0.0 true 0.6084625497172097 0 0 0
-1 0.0 true -1.1047745415036265 0 0 0
5 1244.4399999999998 false 1.1559253653656727 23 26 0
2 950.645 false 3.4505463892569437 24 25 0
-1 0.0 true 2.0687009887007433 0 0 0
-1 0.0 true 7.542068137363046 0 0 0
-1 0.0 true -0.6226263958507459 0 0 0
;
42 0.9935178719333418 false -0.002670442262603098 1 16 0
67 1.534317836521732E-4 false 0.03147507647161923 2 9 0
0 5.494147116913146 false -0.5003578761287406 3 6 0
15 52.130803198472435 false -0.5004636251197243 4 5 0
-1 0.0 true -0.5004348256644666 0 0 0
-1 0.0 true -0.5005254676388213 0 0 0
15 42.75817045483105 false -0.5003137010467461 7 8 0
-1 0.0 true -0.5002976501729487 0 0 0
-1 0.0 true -0.5003500352507051 0 0 0
43 2.2284181871054054E-4 false 0.05393946898363517 10 13 0
27 17219.0 false 0.04262735715797498 11 12 0
-1 0.0 true 0.042535509345569954 0 0 0
-1 0.0 true 7.161671494151068 0 0 0
0 0.43690851735015773 false 1.0852107607476138 14 15 0
-1 0.0 true 1.2470519908506903 0 0 0
-1 0.0 true 1.022203879253864 0 0 0
37 0.015033849642955018 false -0.012490267195143167 17 24 0
0 3.482693361223168 false -0.06723476522630127 18 21 0
22 0.14752457154937335 false -0.06175396896697347 19 20 0
-1 0.0 true -0.06357638479464553 0 0 0
-1 0.0 true 0.8414323298214487 0 0 0
55 0.21065879273094784 false -0.07354896443589092 22 23 0
-1 0.0 true -0.012065837287771001 0 0 0
-1 0.0 true -0.1312501557548883 0 0 0
2 1179087.3715624998 false 0.0011562855936449851 25 28 0
31 0.07983015457689992 false 0.0014331255886147953 26 27 0
-1 0.0 true 0.002808621781302421 0 0 0
-1 0.0 true -0.001468832387987672 0 0 0
65 0.03874574536259432 false -0.33056582269198237 29 30 0
-1 0.0 true 0.5506211936076213 0 0 0
-1 0.0 true -0.4237124150468889 0 0 0
;
37 0.014517588015343174 false 0.002412298064471105 1 16 0
42 0.991399321259863 false -0.033850516328363826 2 9 0
18 0.19472155270655814 false -0.001727615552631213 3 6 0
66 0.7771198898988032 false -0.0024062856423947834 4 5 0
-1 0.0 true 0.04252882790689474 0 0 0
-1 0.0 true -0.04714241085382194 0 0 0
22 0.18029403425231427 false 2.0392336313236843 7 8 0
-1 0.0 true 0.35636743115579633 0 0 0
-1 0.0 true 3.91258032152259 0 0 0
20 0.009019705084480977 false -0.06415970384409489 10 13 0
0 2.480980354391371 false -0.06444257096712658 11 12 0
-1 0.0 true -0.06238286728768455 0 0 0
-1 0.0 true -0.06620620558254152 0 0 0
0 1.6666666666666665 false 1.8225779449298873 14 15 0
-1 0.0 true 0.9102474412404651 0 0 0
-1 0.0 true 23.659324008518436 0 0 0
1 1.0544150208745433 false 0.016649617473664835 17 24 0
44 60.418822468502 false 0.012653124795604659 18 21 0
2 309.5740610624916 false 0.05073517925609629 19 20 0
-1 0.0 true 0.11874828789040828 0 0 0
-1 0.0 true 0.0021317644160951843 0 0 0
2 195.1348702446673 false 0.0026181238973636686 22 23 0
-1 0.0 true 0.062135628296338716 0 0 0
-1 0.0 true -0.02646958788639507 0 0 0
18 0.03350567752141996 false 0.03908588633157808 25 28 0
61 164.9032258064516 false 0.13721820353977118 26 27 0
-1 0.0 true 0.13139854727460196 0 0 0
-1 0.0 true 0.9683342063742159 0 0 0
45 332.0 false -0.008713216068501211 29 30 0
-1 0.0 true -0.007945965794432837 0 0 0
-1 0.0 true -1.308884858456781 0 0 0
