0.15
;
-3.1726609898953795
;
59 21.27332448192844 false 0.0021638137495297934 1 16 0
57 3.290029437037709 false -0.20140496111646283 2 9 0
65 0.1662456207449829 false -0.3992715872237818 3 6 0
16 0.08512203318226313 false -0.4787133505337061 4 5 0
-1 0.0 true -0.47970727611864195 0 0 0
-1 0.0 true -0.35780259325790403 0 0 0
25 8222.714285714286 false -0.3258422079287869 7 8 0
-1 0.0 true -0.32619832944616745 0 0 0
-1 0.0 true 18.559875394907195 0 0 0
22 0.0013862172178291982 false -0.03386547008091423 10 13 0
60 5.46185904771082 false -0.12335211202768913 11 12 0
-1 0.0 true -0.2262282570208615 0 0 0
-1 0.0 true -0.0473201373356593 0 0 0
0 13195.489742058991 false 0.25395981838498105 14 15 0
-1 0.0 true 0.3633413882483116 0 0 0
-1 0.0 true -0.18182455435525327 0 0 0
22 0.0028567760941699254 false 0.6227430313591702 17 24 0
22 0.0015003761667641063 false 0.45722122036200646 18 21 0
4 280.70011416273303 false 0.2734837056504033 19 20 0
-1 0.0 true 0.45523067402875567 0 0 0
-1 0.0 true 0.19089976620156546 0 0 0
0 8668.453925145033 false 0.7013328299488024 22 23 0
-1 0.0 true 0.7956900641270972 0 0 0
-1 0.0 true 0.2082660088870556 0 0 0
22 0.009295042686979909 false 1.4782098763422336 25 28 0
0 13846.17138546284 false 1.3979293384852371 26 27 0
-1 0.0 true 1.5403116187249948 0 0 0
-1 0.0 true 0.579306872946195 0 0 0
51 367.0490797546013 false 3.755866346917301 29 30 0
-1 0.0 true 3.0971797490872244 0 0 0
-1 0.0 true 8.619732431310272 0 0 0
;
60 12.248216790452739 false -0.011960229511020886 1 16 0
25 16212.454545454546 false -0.23999267154102372 2 9 0
60 2.440868966634273 false -0.2397299799407991 3 6 0
29 0.8198597977555553 false -0.3754210362035163 4 5 0
-1 0.0 true -0.37561416674986137 0 0 0
-1 0.0 true 14.508834440185865 0 0 0
22 0.0016201843084308444 false -0.08609891606087813 7 8 0
-1 0.0 true -0.13031981632005082 0 0 0
-1 0.0 true 0.16883585133372986 0 0 0
3 23.15 false -0.7291198336804343 10 13 0
1 44.2 false -0.5007849706660705 11 12 0
-1 0.0 true -0.500819892242885 0 0 0
-1 0.0 true -0.5007598562075427 0 0 0
1 44.75 false -0.7298090477922297 14 15 0
-1 0.0 true -0.7298090477922297 0 0 0
-1 0.0 true -0.7298090477922297 0 0 0
22 0.002164577415234262 false 0.35276557381611157 17 24 0
20 0.04620199574155732 false 0.22861466734530728 18 21 0
0 13219.852153867498 false 0.13450848948509542 19 20 0
-1 0.0 true 0.16501697640871782 0 0 0
-1 0.0 true -0.31918859097071084 0 0 0
42 372.097367153636 false 0.4033785476147758 22 23 0
-1 0.0 true 0.3456999968661659 0 0 0
-1 0.0 true 0.9189924289144781 0 0 0
22 0.020667113779843187 false 0.657933301843004 25 28 0
22 0.004510243743712351 false 0.6549053425024882 26 27 0
-1 0.0 true 0.5775164132877542 0 0 0
-1 0.0 true 0.9175806792809935 0 0 0
0 1307.52425 false 9.368198212991869 29 30 0
-1 0.0 true -0.5022220718876182 0 0 0
-1 0.0 true 15.336359315477164 0 0 0
;
58 6.3490526761901185 false -0.008103398372664551 1 16 0
25 16257.307692307695 false -0.3215779020286145 2 9 0
57 0.6374870244166632 false -0.3214354983128821 3 6 0
29 0.8205936331515215 false -0.469988471793121 4 5 0
-1 0.0 true -0.4699715390462218 0 0 0
-1 0.0 true -0.5590287296053695 0 0 0
29 0.8249779881135813 false -0.24883291687962966 7 8 0
-1 0.0 true -0.24903369867283925 0 0 0
-1 0.0 true 1.1403279442288885 0 0 0
12 0.8571428571428571 false -0.6829639719674349 10 13 0
1 44.375 false -0.5006741597526493 11 12 0
-1 0.0 true -0.5007055142382213 0 0 0
-1 0.0 true -0.5006538652287121 0 0 0
0 327.18 false -0.684621174963066 14 15 0
-1 0.0 true -0.684621174963066 0 0 0
-1 0.0 true -0.684621174963066 0 0 0
18 0.03494463623035688 false 0.18715942906230776 17 24 0
22 0.0016453322258416709 false 0.18826757103484149 18 21 0
60 22.61538194518615 false 0.052866592430753874 19 20 0
-1 0.0 true -0.03794928402944954 0 0 0
-1 0.0 true 0.24012093224225084 0 0 0
22 0.003922715798451157 false 0.4018994193631006 22 23 0
-1 0.0 true 0.3537388786685814 0 0 0
-1 0.0 true 0.5947715374980729 0 0 0
55 0.9045570782294201 false -0.5787269760822552 25 28 0
0 2291.2465 false -0.6093028355758351 26 27 0
-1 0.0 true 0.4543098955071903 0 0 0
-1 0.0 true -0.72126207042668 0 0 0
0 12730.932 false -0.5252986438365718 29 30 0
-1 0.0 true -0.32991609433618696 0 0 0
-1 0.0 true -0.7212620704266799 0 0 0
;
60 4.890578395828907 false 0.0034587728605764705 1 16 0
25 16271.58333333333 false -0.29578170213315763 2 9 0
29 0.8027702264227555 false -0.29547654907823695 3 6 0
58 0.9709530478477565 false -0.29527998546996825 4 5 0
-1 0.0 true -0.4577161949819296 0 0 0
-1 0.0 true -0.21843595068435245 0 0 0
3 7.272727272727273 false -0.5563911174193572 7 8 0
-1 0.0 true -0.5005896054020366 0 0 0
-1 0.0 true -0.5567501041299824 0 0 0
3 27.12 false -0.6498962421067473 10 13 0
1 41.0 false -0.500578243901317 11 12 0
-1 0.0 true -0.5006071132206125 0 0 0
-1 0.0 true -0.5005626719196324 0 0 0
0 1268.8835 false -0.6503430481033907 14 15 0
-1 0.0 true -0.6503430481033907 0 0 0
-1 0.0 true -0.6503430481033907 0 0 0
18 0.029975859785003566 false 0.15802275509841704 17 24 0
22 0.001638672018809368 false 0.15918752325218194 18 21 0
60 14.608411137597649 false 0.05755498752907639 19 20 0
-1 0.0 true -0.04771598223964351 0 0 0
-1 0.0 true 0.15289176431092644 0 0 0
0 11923.248457618767 false 0.30462037347301535 22 23 0
-1 0.0 true 0.3574099568093674 0 0 0
-1 0.0 true -2.0603740387983293E-4 0 0 0
0 2006.5206 false -0.583420025283265 25 28 0
2 790.3333333333333 false -0.01718482606163551 26 27 0
-1 0.0 true -0.3080583405648642 0 0 0
-1 0.0 true 1.4070321030337827 0 0 0
2 792.0769230769231 false -0.6965324437727338 29 30 0
-1 0.0 true -0.6830003711228609 0 0 0
-1 0.0 true -0.764483614190828 0 0 0
;
57 8.431913700405607 false -0.00488649134166117 1 16 0
25 16218.444444444445 false -0.2627842114784795 2 9 0
57 2.446366209122336 false -0.2625332896302822 3 6 0
28 0.8195157475495601 false -0.3718802305337798 4 5 0
-1 0.0 true -0.3720156259226075 0 0 0
-1 0.0 true -0.2505176799605024 0 0 0
16 0.24301099778190718 false -0.13316684421068292 7 8 0
-1 0.0 true -0.1339494214430577 0 0 0
-1 0.0 true 25.296030252758225 0 0 0
4 33.16 false -0.6233067587463442 10 13 0
1 40.75 false -0.5005040573783837 11 12 0
-1 0.0 true -0.5005224520266484 0 0 0
-1 0.0 true -0.5004842131143165 0 0 0
1 44.833333333333336 false -0.6236947399484 14 15 0
-1 0.0 true -0.6236947399483999 0 0 0
-1 0.0 true -0.6236947399484 0 0 0
37 0.006987056195825896 false 0.1321444938406533 17 24 0
60 29.88714297486608 false 0.05383135031412846 18 21 0
42 459.294924045943 false 0.006880711286529991 19 20 0
-1 0.0 true -0.013927461487116261 0 0 0
-1 0.0 true 0.3091689313479602 0 0 0
42 397.1938330675173 false 0.16159174097656467 22 23 0
-1 0.0 true 0.134621628030731 0 0 0
-1 0.0 true 0.7011067420975328 0 0 0
22 0.02062363446412928 false 0.25238160677266586 25 28 0
16 0.05953423796226952 false 0.25517924695053823 26 27 0
-1 0.0 true 0.17251423826996057 0 0 0
-1 0.0 true 0.41693195675059036 0 0 0
5 45.263157894736835 false -0.3757190231730978 29 30 0
-1 0.0 true 0.0687529796468932 0 0 0
-1 0.0 true -0.5056055731575111 0 0 0
;
16 0.23665741226941872 false -0.014961975050339846 1 16 0
58 26.752917083896282 false -0.0136851872627471 2 9 0
58 8.4798943204088 false -0.1207729126482199 3 6 0
25 16187.600000000002 false -0.24333846038231116 4 5 0
-1 0.0 true -0.24309640363970228 0 0 0
-1 0.0 true -0.6023946387093577 0 0 0
42 631.0895448344289 false 0.03135378409843336 7 8 0
-1 0.0 true 0.011144519239145488 0 0 0
-1 0.0 true 0.4956975309447777 0 0 0
18 0.002373509619612639 false 0.16180930530037216 10 13 0
42 625.2029636281991 false 0.13251911918370396 11 12 0
-1 0.0 true 0.12087809894799348 0 0 0
-1 0.0 true 0.7161315674216037 0 0 0
22 0.020560286652401775 false 0.27551505051681924 14 15 0
-1 0.0 true 0.28007974029574223 0 0 0
-1 0.0 true -0.3640839538284449 0 0 0
42 352.875 false -1.2458945915698054 17 24 0
65 0.8423347398030941 false -0.5699396708382132 18 21 0
50 30.25 false -0.501120598312769 19 20 0
-1 0.0 true -0.5006830872811471 0 0 0
-1 0.0 true -0.5012535145875192 0 0 0
3 1678.611111111111 false -0.5751222030465903 22 23 0
-1 0.0 true -2.001106360292994 0 0 0
-1 0.0 true -0.5096576933983505 0 0 0
3 27.088461538461537 false -2.097537651923753 25 28 0
42 387.4 false -0.500967968532945 26 27 0
-1 0.0 true -0.5012688433059042 0 0 0
-1 0.0 true -0.5004768039316493 0 0 0
5 9.880555555555556 false -2.1119354837556545 29 30 0
-1 0.0 true -2.0014287985731025 0 0 0
-1 0.0 true -2.34095752029834 0 0 0
;
22 0.020667910562128997 false -0.013674107590382532 1 16 0
56 8.917002728218975 false -0.013086780661727639 2 9 0
16 0.246019352691544 false -0.255105002900989 3 6 0
16 0.2427036279290609 false -0.2546012085040236 4 5 0
-1 0.0 true -0.25343818304997656 0 0 0
-1 0.0 true -1.1452446914036452 0 0 0
19 0.036997573658343226 false -1.4670548917620483 7 8 0
-1 0.0 true -0.5004454902080354 0 0 0
-1 0.0 true -1.4933303757584429 0 0 0
42 408.7351077432214 false 0.07815171185715329 10 13 0
0 14100.16833040331 false 0.04148960331912808 11 12 0
-1 0.0 true 0.06773447217672722 0 0 0
-1 0.0 true -0.292671263536887 0 0 0
60 33.42871969555845 false 0.26839244194942513 14 15 0
-1 0.0 true 0.2207950917061899 0 0 0
-1 0.0 true 0.36529699684408495 0 0 0
0 1692.882125 false -0.5066254179986084 17 24 0
2 792.6 false 0.28480072310289894 18 21 0
0 1136.1995 false -0.6246397046507857 19 20 0
-1 0.0 true -0.5018965510088601 0 0 0
-1 0.0 true -0.670484489944229 0 0 0
0 1306.1865 false 1.2647957229564877 22 23 0
-1 0.0 true -0.5026842669014949 0 0 0
-1 0.0 true 1.3045105859601516 0 0 0
17 0.20293141270163803 false -0.5511230382887046 25 28 0
0 3736.9825 false -0.6013136839481538 26 27 0
-1 0.0 true -0.42973686929295796 0 0 0
-1 0.0 true -0.6682333068678389 0 0 0
0 12730.932 false -0.27193401113532895 29 30 0
-1 0.0 true 0.29135811329014516 0 0 0
-1 0.0 true -0.6328831025153202 0 0 0
;
16 0.23729812224010466 false -0.012127120519456575 1 16 0
60 29.87042254664739 false -0.01085804164928626 2 9 0
16 0.03456909529343658 false -0.07269650626529048 3 6 0
22 0.009644941793040604 false -0.18744354292579105 4 5 0
-1 0.0 true -0.18762921638614846 0 0 0
-1 0.0 true 10.056808580525583 0 0 0
0 21413.849422167346 false 0.027739846428884867 7 8 0
-1 0.0 true 0.054317936871337895 0 0 0
-1 0.0 true -0.33260243601076156 0 0 0
16 0.05320062322269111 false 0.14013403363218027 10 13 0
43 -48.93919708029195 false 0.07991180519203446 11 12 0
-1 0.0 true 0.13389591991161662 0 0 0
-1 0.0 true -0.08435845239490428 0 0 0
22 0.016922854890830175 false 0.2070471089947388 14 15 0
-1 0.0 true 0.21524921718197 0 0 0
-1 0.0 true -0.27004880100592094 0 0 0
42 356.54545454545456 false -0.9390845846620769 17 24 0
26 33.96969696969697 false -0.6536565559576535 18 21 0
64 0.6565217391304348 false -0.6638381583631433 19 20 0
-1 0.0 true -0.5916429971276763 0 0 0
-1 0.0 true -0.979988979583269 0 0 0
2 26.115384615384617 false -0.5009830491767059 22 23 0
-1 0.0 true -0.5006566197776756 0 0 0
-1 0.0 true -0.5010864261998998 0 0 0
1 43.5625 false -1.1262475217098633 25 28 0
1 39.769230769230774 false -0.5008456593755036 26 27 0
-1 0.0 true -0.5003531273205626 0 0 0
-1 0.0 true -0.5011140983146815 0 0 0
0 28456.409 false -1.128556127552454 29 30 0
-1 0.0 true -1.1973179945674877 0 0 0
-1 0.0 true -0.5727602089599441 0 0 0
;
16 0.2372454904902841 false -0.004562892305569093 1 16 0
37 0.005483270313105116 false -0.003627904003311358 2 9 0
25 15296.818181818182 false -0.11120165741073039 3 6 0
20 0.03549781465382979 false -0.11101341392799616 4 5 0
-1 0.0 true -0.22391134827506862 0 0 0
-1 0.0 true -0.021596326019689013 0 0 0
64 0.9117647058823529 false -0.578745133153522 7 8 0
-1 0.0 true -0.5004405489951584 0 0 0
-1 0.0 true -0.5791078127594373 0 0 0
16 0.04021536789292303 false 0.11428308577407781 10 13 0
32 -9.99133762345909E9 false 0.012992837031794793 11 12 0
-1 0.0 true 0.06213571732326506 0 0 0
-1 0.0 true -0.13980232133636972 0 0 0
37 0.032134632559648844 false 0.17584930356848083 14 15 0
-1 0.0 true 0.17644102403163917 0 0 0
-1 0.0 true -0.6221257628571353 0 0 0
42 356.2 false -0.7552247187279079 17 24 0
65 0.8413703033956198 false -0.6140781096662327 18 21 0
37 0.004239161573025432 false -0.5008433088865597 19 20 0
-1 0.0 true -0.5005040594505633 0 0 0
-1 0.0 true -0.5009518442487892 0 0 0
14 17.466666666666665 false -0.6197170339135897 22 23 0
-1 0.0 true -0.5831468690295692 0 0 0
-1 0.0 true -0.8784396476399678 0 0 0
22 0.004431848814215646 false -0.8576262323529472 25 28 0
1 38.91666666666667 false -0.5006390256263944 26 27 0
-1 0.0 true -0.5003039073044049 0 0 0
-1 0.0 true -0.5009585928624124 0 0 0
16 0.24664861288500461 false -0.8588014886859692 29 30 0
-1 0.0 true -0.8006791692840667 0 0 0
-1 0.0 true -1.1352588936801908 0 0 0
;
16 0.23808372741251166 false 3.5004193192970614E-4 1 16 0
37 0.005022319348584938 false 0.0011398055228433604 2 9 0
16 0.04864718498301951 false -0.10852763016207691 3 6 0
50 1947.3719008264463 false -0.15650891611602605 4 5 0
-1 0.0 true -0.1578046655802968 0 0 0
-1 0.0 true 2.1722807711643863 0 0 0
0 5955.516345801301 false 0.03348375320856306 7 8 0
-1 0.0 true 0.07982260351231621 0 0 0
-1 0.0 true -0.1530586445336065 0 0 0
0 15360.239340676142 false 0.09346200170131795 10 13 0
16 0.03824074023107778 false 0.11676865399325063 11 12 0
-1 0.0 true 0.043017297900538064 0 0 0
-1 0.0 true 0.1557408359983322 0 0 0
37 0.028210377255808435 false -0.14924428263682885 14 15 0
-1 0.0 true -0.14856087929464407 0 0 0
-1 0.0 true -0.610101376603303 0 0 0
7 154.89473684210526 false -0.7567796785971932 17 24 0
17 0.06332266732143707 false -0.9142291959350601 18 21 0
42 457.66666666666663 false -0.8150633834867006 19 20 0
-1 0.0 true -0.6865849568945457 0 0 0
-1 0.0 true -0.9267844731002048 0 0 0
0 1571.366 false -1.0369730856178774 22 23 0
-1 0.0 true -1.0369730856178774 0 0 0
-1 0.0 true -1.0369730856178774 0 0 0
3 94.88235294117646 false -0.7164101697245545 25 26 0
-1 0.0 true -0.8207850491309083 0 0 0
0 690.4475 false -0.5706741878326931 27 28 0
-1 0.0 true -0.5002614174394389 0 0 0
-1 0.0 true -0.5706876703410134 0 0 0
;
60 38.18921494624377 false -0.012503444160482224 1 16 0
58 11.232373927831993 false -0.04857008330262333 2 9 0
25 16219.583333333334 false -0.1491617429834458 3 6 0
65 0.23518669054175123 false -0.1489558108916968 4 5 0
-1 0.0 true -0.42845469749080356 0 0 0
-1 0.0 true -0.08235763271527316 0 0 0
12 0.16666666666666666 false -0.5650644420746715 7 8 0
-1 0.0 true -0.5002675742236415 0 0 0
-1 0.0 true -0.5651947923511704 0 0 0
42 469.29474901209625 false 0.02975894833859187 10 13 0
25 534.5754424815598 false 0.0065312552856922335 11 12 0
-1 0.0 true 0.057376704203582714 0 0 0
-1 0.0 true -0.08989528973817175 0 0 0
21 0.14388672582104747 false 0.19610130713958782 14 15 0
-1 0.0 true 0.19277829913064237 0 0 0
-1 0.0 true 9.833201412027814 0 0 0
22 0.014526178462233835 false 0.11133681715239145 17 24 0
42 409.3489802893928 false 0.11766147657071423 18 21 0
25 662.1704788147304 false 0.08822741146587831 19 20 0
-1 0.0 true 0.2376998494796143 0 0 0
-1 0.0 true 0.029188406329858373 0 0 0
60 104.19354838709677 false 0.2613960128994832 22 23 0
-1 0.0 true 0.22853972674760523 0 0 0
-1 0.0 true 0.8648829754050793 0 0 0
5 224.6923076923077 false -0.24189033533095045 25 28 0
63 0.12329320348644018 false 0.02089499010059323 26 27 0
-1 0.0 true -0.27310436031532515 0 0 0
-1 0.0 true 0.7485772996664677 0 0 0
65 0.8903669695087228 false -0.33551477028335963 29 30 0
-1 0.0 true -0.29706425031323425 0 0 0
-1 0.0 true -0.5419637659324239 0 0 0
;
16 0.24002552928992388 false -0.012005232014035578 1 16 0
56 10.117509512955733 false -0.011350325576797887 2 9 0
25 16264.142857142859 false -0.17298663301039413 3 6 0
58 0.3420200931390441 false -0.17278354679641708 4 5 0
-1 0.0 true -0.43046294252877215 0 0 0
-1 0.0 true -0.09834327461171528 0 0 0
3 13.225 false -0.5538931535236186 7 8 0
-1 0.0 true -0.5002312899999178 0 0 0
-1 0.0 true -0.554057197807161 0 0 0
45 -0.8822436377317291 false 0.043031657493859767 10 13 0
42 283.0488634348368 false 0.07850806697656201 11 12 0
-1 0.0 true 0.046660985162032174 0 0 0
-1 0.0 true 0.15619756833000523 0 0 0
35 0.19240669788145162 false -0.07555492790250103 14 15 0
-1 0.0 true -0.07709705173843576 0 0 0
-1 0.0 true 2.103965705162408 0 0 0
42 346.14814814814815 false -0.5785574160963891 17 24 0
65 0.9402577118313159 false -0.43181146529930564 18 21 0
61 27.550000000000004 false -0.3011373269419031 19 20 0
-1 0.0 true 0.05164242412051799 0 0 0
-1 0.0 true -0.5654318981615225 0 0 0
1 34.0 false -0.7321268566411804 22 23 0
-1 0.0 true -0.7655600542633193 0 0 0
-1 0.0 true -0.694565363344025 0 0 0
61 0.425 false -0.6446466259141692 25 28 0
1 40.2 false -0.5005107702550675 26 27 0
-1 0.0 true -0.5001871891619276 0 0 0
-1 0.0 true -0.5006549088634022 0 0 0
0 34716.473 false -0.6450382500917966 29 30 0
-1 0.0 true -0.6995460101497238 0 0 0
-1 0.0 true -0.3495129540370169 0 0 0
;
22 0.016923738162939753 false -0.007932348951032318 1 16 0
16 0.032947736338797065 false -0.006919339902857244 2 9 0
27 0.8239505345544821 false -0.10797237016154577 3 6 0
28 0.8159916498244867 false -0.1081272675215874 4 5 0
-1 0.0 true -0.10794789018485851 0 0 0
-1 0.0 true -0.5329142862625418 0 0 0
1 19.6 false 1.0231069478407806 7 8 0
-1 0.0 true 1.5451200553078366 0 0 0
-1 0.0 true -0.5219923810321772 0 0 0
16 0.2366182736257807 false 0.036005030463493654 10 13 0
43 0.9945951345767411 false 0.03657162160309215 11 12 0
-1 0.0 true 0.044274157628272144 0 0 0
-1 0.0 true -0.04036751819218987 0 0 0
42 352.875 false -0.6144282170580857 14 15 0
-1 0.0 true -0.5879708642760679 0 0 0
-1 0.0 true -0.6163802049062176 0 0 0
48 799.1923076923076 false -0.4243877264558516 17 22 0
0 19124.5135 false 0.577077001203748 18 21 0
60 29.85 false -0.5047239996616063 19 20 0
-1 0.0 true -0.5026642403040238 0 0 0
-1 0.0 true -0.5054335109032004 0 0 0
-1 0.0 true 43.102057447839535 0 0 0
5 95.95121951219512 false -0.44929614376970284 23 26 0
1 44.78947368421053 false -0.5306204133396502 24 25 0
-1 0.0 true -0.5954974480908197 0 0 0
-1 0.0 true -0.5235488466085956 0 0 0
61 49.413043478260875 false -0.4259985942045939 27 28 0
-1 0.0 true -0.22548752792750942 0 0 0
-1 0.0 true -0.5255370627883423 0 0 0
;
60 4.484450461964387 false -0.006356414447633059 1 16 0
16 0.23716528349454266 false -0.16412186154941302 2 9 0
29 0.8195574499156546 false -0.16287300544088282 3 6 0
25 16259.000000000002 false -0.1629710827166768 4 5 0
-1 0.0 true -0.16274292769656723 0 0 0
-1 0.0 true -0.54706541425325 0 0 0
2 33.0 false 0.011114517786235767 7 8 0
-1 0.0 true 0.8795346679887949 0 0 0
-1 0.0 true -0.5280512308210611 0 0 0
1 41.857142857142854 false -0.5929681227880991 10 13 0
59 3.1538461538461537 false -0.6570579149613184 11 12 0
-1 0.0 true -0.5003715364381454 0 0 0
-1 0.0 true -0.6769348759925301 0 0 0
40 0.9202921252880525 false -0.5898123184040099 14 15 0
-1 0.0 true -0.5001391914900063 0 0 0
-1 0.0 true -0.5898517175738439 0 0 0
42 603.6377089499354 false 0.03403681365017479 17 24 0
0 7616.007647934961 false 0.023030225414798305 18 21 0
22 0.022538406763955323 false 0.051608299097672054 19 20 0
-1 0.0 true 0.051442918832561746 0 0 0
-1 0.0 true 0.864688779068718 0 0 0
21 0.17811531454556156 false -0.13153161234375874 22 23 0
-1 0.0 true -0.1305604641419161 0 0 0
-1 0.0 true -1.0755077441961252 0 0 0
22 0.017376071703991944 false 0.22101335875311942 25 28 0
8 125.55844155844152 false 0.22265297041537382 26 27 0
-1 0.0 true 0.21783481260054913 0 0 0
-1 0.0 true 1.1271943264259594 0 0 0
-1 0.0 true -5.8164303770903665 0 0 0
;
0 11892.189267906811 false 0.002107382231246709 1 16 0
0 290.34622602299 false 0.02401117561326976 2 9 0
16 0.23795812525758409 false -0.17680241396427443 3 6 0
0 -0.918886865880246 false -0.17502452167213728 4 5 0
-1 0.0 true -0.4565125006687693 0 0 0
-1 0.0 true 0.36154016063819033 0 0 0
21 0.022975176346952023 false -0.6408823730119503 7 8 0
-1 0.0 true -0.5002878378017457 0 0 0
-1 0.0 true -0.6412921277501771 0 0 0
22 9.613172002830017E-4 false 0.05014198153035088 10 13 0
31 4.28677244223728 false -0.05314129135463981 11 12 0
-1 0.0 true -0.08747269510871607 0 0 0
-1 0.0 true 0.15335449954040292 0 0 0
0 674.7819159694086 false 0.10279010868265218 14 15 0
-1 0.0 true 0.38101685340549885 0 0 0
-1 0.0 true 0.07054684055434443 0 0 0
18 0.011887168851675664 false -0.1938727707924369 17 24 0
22 0.01711315958182478 false -0.19046734437852303 18 21 0
0 20809.348847109195 false -0.18935641749168086 19 20 0
-1 0.0 true -0.08978023155085829 0 0 0
-1 0.0 true -0.3041258323500043 0 0 0
0 26374.4895 false -1.0218055275760642 22 23 0
-1 0.0 true -0.5293363431519968 0 0 0
-1 0.0 true -3.8888174875472257 0 0 0
42 734.7 false -0.4799668668882911 25 28 0
53 0.8885135135135136 false -0.3130599562030262 26 27 0
-1 0.0 true -0.2752673737287534 0 0 0
-1 0.0 true -0.6971006028790938 0 0 0
1 43.0 false -6.690198739678568 29 30 0
-1 0.0 true -0.5065525469358556 0 0 0
-1 0.0 true -423.5503535547423 0 0 0
;
22 0.016892732543504055 false -0.010472996736741336 1 16 0
37 0.0162161062533084 false -0.009741519032180863 2 9 0
45 -0.9999907081123758 false -0.013209975872205683 3 6 0
56 9.635133237121781 false 0.015893164285687624 4 5 0
-1 0.0 true -0.10379926301571772 0 0 0
-1 0.0 true 0.04752615167887763 0 0 0
22 0.0033600866925566205 false -0.11461052447921 7 8 0
-1 0.0 true -0.1082293893848669 0 0 0
-1 0.0 true -0.16788650840321 0 0 0
59 77.50592592592587 false 0.28222752920147026 10 13 0
23 0.08467405002322462 false 0.08001393102721203 11 12 0
-1 0.0 true 0.28706782008362264 0 0 0
-1 0.0 true -0.2653399308694376 0 0 0
22 0.0015787828785274677 false 0.4725653925078166 14 15 0
-1 0.0 true 14.38849485597677 0 0 0
-1 0.0 true 0.423008023967884 0 0 0
21 0.11205809596974585 false -0.3825325967086352 17 22 0
0 19575.924 false -10.138132560225356 18 21 0
16 0.2702277131782945 false -0.5030882841845344 19 20 0
-1 0.0 true -0.503106207724004 0 0 0
-1 0.0 true -0.5003254315512498 0 0 0
-1 0.0 true -375.0853872186531 0 0 0
42 627.1111111111111 false -0.31643504766876857 23 26 0
34 0.24987386250274285 false -0.34903134978952927 24 25 0
-1 0.0 true -0.3200290854409847 0 0 0
-1 0.0 true -0.4551272866729074 0 0 0
-1 0.0 true 37.33563720481163 0 0 0
;
22 0.016873966700295694 false -0.006635008776928102 1 16 0
20 0.03158549693015979 false -0.005715182610673953 2 9 0
64 4.967418546365914 false -0.11804264646343052 3 6 0
48 1152.2030825022664 false -0.1188776511052231 4 5 0
-1 0.0 true -0.12395440149451395 0 0 0
-1 0.0 true 0.36591675914579685 0 0 0
36 0.9134118218230368 false 8.997834779851548 7 8 0
-1 0.0 true -0.5004764548242432 0 0 0
-1 0.0 true 20.76476005703883 0 0 0
42 470.36807088757973 false 0.02610611059508145 10 13 0
41 0.007714476142165814 false 0.007983014738527555 11 12 0
-1 0.0 true -0.012430126086646993 0 0 0
-1 0.0 true 0.07294480552987412 0 0 0
18 0.022273129447702596 false 0.1497632889147697 14 15 0
-1 0.0 true 0.14836085304225438 0 0 0
-1 0.0 true 1.9077560318702502 0 0 0
38 0.18900273290088138 false -0.48237731730987615 17 22 0
55 0.8277265081262771 false -33.0732347280695 18 21 0
17 0.12518061827747518 false -8.171554042606672 19 20 0
-1 0.0 true -0.5035665018458526 0 0 0
-1 0.0 true -37.1666424470158 0 0 0
-1 0.0 true -71.90761309239126 0 0 0
4 1802.475789473684 false -0.2519103102807933 23 26 0
47 1669.2 false -0.03216971940218276 24 25 0
-1 0.0 true -0.06479210504356601 0 0 0
-1 0.0 true 0.17873792170119288 0 0 0
7 1809.9 false -0.3389163835485235 27 28 0
-1 0.0 true -0.30043646276227515 0 0 0
-1 0.0 true -0.4058037741377111 0 0 0
;
64 4.974160206718347 false -0.006209982449834602 1 16 0
42 136.6519408578779 false -0.004986693946848238 2 9 0
31 4.298569160294198 false -0.06204157771952567 3 6 0
0 6553.74683608445 false -0.09418707997653782 4 5 0
-1 0.0 true -0.06372280054956897 0 0 0
-1 0.0 true -0.29070942085023205 0 0 0
16 0.17327604020048468 false 0.05888602112766459 7 8 0
-1 0.0 true 0.055336756952253506 0 0 0
-1 0.0 true 1.3941335853718742 0 0 0
37 0.027630831886456618 false 0.04862387256880803 10 13 0
60 28.265695274993696 false 0.04912315638621772 11 12 0
-1 0.0 true 0.030044689111291444 0 0 0
-1 0.0 true 0.08237074578489488 0 0 0
0 1441.246125 false -0.38719504168016095 14 15 0
-1 0.0 true 1.326134040834162 0 0 0
-1 0.0 true -0.5914507639358856 0 0 0
55 0.8465263240567049 false -0.6650074728131871 17 24 0
1 48.857142857142854 false -0.5005352066755037 18 21 0
11 3.3499999999999996 false -0.5004415039055646 19 20 0
-1 0.0 true -0.500407881740171 0 0 0
-1 0.0 true -0.5005952706061119 0 0 0
0 21116.589500000002 false -0.5010647290381947 22 23 0
-1 0.0 true -0.5010763870369584 0 0 0
-1 0.0 true -0.5009140715924693 0 0 0
21 0.031208492104144385 false -0.6669419326846757 25 28 0
4 127.5 false -0.50048072358163 26 27 0
-1 0.0 true -0.5005050008289419 0 0 0
-1 0.0 true -0.5004227519061307 0 0 0
0 3700.7211818181813 false -0.6669751318251602 29 30 0
-1 0.0 true -0.6291365021382078 0 0 0
-1 0.0 true -0.7008830866884656 0 0 0
;
64 4.963503649635037 false -0.01094925669101745 1 16 0
16 0.2366199286607569 false -0.009817692073707031 2 9 0
16 0.04364882994469172 false -0.009485433556887865 3 6 0
0 6390.684895715329 false -0.05434221961547602 4 5 0
-1 0.0 true -0.0255821728604943 0 0 0
-1 0.0 true -0.18723631440223645 0 0 0
53 0.13935485439025597 false 0.03655618550664773 7 8 0
-1 0.0 true 0.08630968524408682 0 0 0
-1 0.0 true 0.005899123343218603 0 0 0
42 357.2857142857143 false -0.516617681557625 10 13 0
65 0.9206091370558376 false -0.2781199105911745 11 12 0
-1 0.0 true -0.21132847579216485 0 0 0
-1 0.0 true -0.6196192447095376 0 0 0
1 43.5 false -0.6555250512850138 14 15 0
-1 0.0 true -0.5003373646464572 0 0 0
-1 0.0 true -0.655865674409496 0 0 0
59 5.066666666666667 false -0.6282662072471259 17 24 0
1 40.80952380952381 false -0.6294708561734097 18 21 0
0 367.34766666666667 false -0.5002957618964795 19 20 0
-1 0.0 true -0.5002957618964796 0 0 0
-1 0.0 true -0.5002957618964796 0 0 0
0 3751.8052999999995 false -0.6295139622549566 22 23 0
-1 0.0 true -0.667208634235542 0 0 0
-1 0.0 true -0.5968761869606998 0 0 0
25 2247.142857142857 false -0.5004266970399089 25 28 0
48 3.5 false -0.5003898770482524 26 27 0
-1 0.0 true -0.5005956912109414 0 0 0
-1 0.0 true -0.5003682006412377 0 0 0
0 309.1875 false -0.5009245434380162 29 30 0
-1 0.0 true -0.5008438258145111 0 0 0
-1 0.0 true -0.5009426151001619 0 0 0
;
64 4.968599033816425 false -0.005719347703482843 1 16 0
22 0.016882010298180643 false -0.004737863141605155 2 9 0
37 0.0030183801525739606 false -0.004137673384073856 3 6 0
62 87.23497267759565 false -0.13780354202171316 4 5 0
-1 0.0 true -0.13891244851655782 0 0 0
-1 0.0 true 2.0350718168585513 0 0 0
58 329.49803921568605 false 0.029060657101306814 7 8 0
-1 0.0 true 0.029764808357797438 0 0 0
-1 0.0 true -0.3918705891545341 0 0 0
1 38.33333333333333 false -0.4092562646493862 10 13 0
0 3225.7650000000003 false 1.1043916982248352 11 12 0
-1 0.0 true 2.8032309111220637 0 0 0
-1 0.0 true -0.5203563497324513 0 0 0
55 0.8559837355783 false -0.450469443667239 14 15 0
-1 0.0 true -0.3873815626947618 0 0 0
-1 0.0 true -0.4837945970589126 0 0 0
59 5.053191489361702 false -0.5618221560561973 17 24 0
0 2230.144894736842 false -0.5623838706884039 18 21 0
0 357.92575 false -0.5002918047267397 19 20 0
-1 0.0 true -0.5003689612799456 0 0 0
-1 0.0 true -0.5002545420372699 0 0 0
0 3811.973444444445 false -0.5624045247914138 22 23 0
-1 0.0 true -0.5024760889069413 0 0 0
-1 0.0 true -0.6345235501980871 0 0 0
3 717.7455000000001 false -0.500378871913045 25 28 0
11 2.1739130434782608 false -0.5003281659945732 26 27 0
-1 0.0 true -0.5003029643000246 0 0 0
-1 0.0 true -0.5004344261477535 0 0 0
0 8253.0568 false -0.5007804427533357 29 30 0
-1 0.0 true -0.5007915505025289 0 0 0
-1 0.0 true -0.5006767838130514 0 0 0
;
64 4.96264367816092 false 9.259556413032069E-4 1 16 0
22 0.015076864498144967 false 0.0017131961800528677 2 9 0
0 6831.980218039338 false 0.002385917407330471 3 6 0
0 141.18434674831326 false 0.028495387136426478 4 5 0
-1 0.0 true -0.3089868758986127 0 0 0
-1 0.0 true 0.0609574373051446 0 0 0
42 512.2896897558828 false -0.11161116072560606 7 8 0
-1 0.0 true -0.1482421488019035 0 0 0
-1 0.0 true 0.04709510141591842 0 0 0
34 0.25059068556751385 false -0.20991022201541287 10 13 0
52 140.14814814814812 false -0.169263204837671 11 12 0
-1 0.0 true 0.20228041081142764 0 0 0
-1 0.0 true -0.28690470200543844 0 0 0
0 197.7895789473684 false -0.5731128417275123 14 15 0
-1 0.0 true -0.5014184338202734 0 0 0
-1 0.0 true -0.57452602538428 0 0 0
55 0.8466030503221598 false -0.6136123549466993 17 24 0
46 490.9375 false -0.5003260688531453 18 21 0
48 3.375 false -0.5002807364090457 19 20 0
-1 0.0 true -0.5004353759343054 0 0 0
-1 0.0 true -0.5002698265632631 0 0 0
0 15185.6905 false -0.5006715765569645 22 23 0
-1 0.0 true -0.5006811326790912 0 0 0
-1 0.0 true -0.5005823949675577 0 0 0
0 2800.769444444444 false -0.6148016593217868 25 26 0
-1 0.0 true -0.5002694700686339 0 0 0
0 7708.226500000001 false -0.614807912655612 27 28 0
-1 0.0 true -0.616333327022629 0 0 0
-1 0.0 true -0.6046479560405628 0 0 0
;
64 4.966921119592875 false -0.007918709236514483 1 16 0
42 113.33515765950952 false -0.00729170925903947 2 9 0
60 49.40053532524121 false -0.060976176657431866 3 6 0
56 340.2289156626506 false -0.08055900491116755 4 5 0
-1 0.0 true -0.08074183471328904 0 0 0
-1 0.0 true 29.259405938110323 0 0 0
36 0.4858391764972446 false 0.036023568276263886 7 8 0
-1 0.0 true 1.5989190621438198 0 0 0
-1 0.0 true 0.03191195459587206 0 0 0
61 94.5109489051095 false 0.030979910351736778 10 13 0
31 1.1605579810456819 false 0.030218187358285433 11 12 0
-1 0.0 true 0.013162414630474187 0 0 0
-1 0.0 true 0.14909325553856953 0 0 0
63 0.4989759344598054 false 1.8087273885929516 14 15 0
-1 0.0 true 4.820802949797637 0 0 0
-1 0.0 true -0.08421772777586299 0 0 0
55 0.845061975209916 false -0.5406673189400605 17 24 0
28 0.39001782531194296 false -0.5002887304563505 18 21 0
11 3.3055555555555562 false -0.500250010825448 19 20 0
-1 0.0 true -0.5002278608356985 0 0 0
-1 0.0 true -0.5003240500326507 0 0 0
0 9408.49575 false -0.5005773576763094 22 23 0
-1 0.0 true -0.500593465564804 0 0 0
-1 0.0 true -0.5005011844201713 0 0 0
8 1.9571428571428573 false -0.5410989026860542 25 28 0
0 374.631 false -0.5002609565385798 26 27 0
-1 0.0 true -0.5002732808925703 0 0 0
-1 0.0 true -0.5002319162883737 0 0 0
0 3677.261142857142 false -0.5411059097625797 29 30 0
-1 0.0 true -0.4727757376755356 0 0 0
-1 0.0 true -0.5946515553927889 0 0 0
;
64 4.971794871794872 false -0.0014068973113240113 1 16 0
0 6866.220469696222 false -8.531531633151939E-4 2 9 0
0 148.26078657831482 false 0.02358262136604184 3 6 0
0 7.981544554455442 false -0.2816817736007831 4 5 0
-1 0.0 true -0.427900078432802 0 0 0
-1 0.0 true 0.4778075204299161 0 0 0
30 4.956570496482822 false 0.050265706026760684 7 8 0
-1 0.0 true 0.035988999815588056 0 0 0
-1 0.0 true 0.29480109959747725 0 0 0
60 214.22500000000005 false -0.11237371194689312 10 13 0
17 0.13695144338524418 false -0.11203957818218081 11 12 0
-1 0.0 true -0.11472013805279994 0 0 0
-1 0.0 true 0.3453734374612462 0 0 0
2 536.6923076923077 false -0.5293002984851103 14 15 0
-1 0.0 true -0.5018447655858217 0 0 0
-1 0.0 true -0.5297561686513584 0 0 0
55 0.8461557710701337 false -0.4719421104878577 17 24 0
46 535.0 false -0.5002404331395348 18 21 0
10 2.5789473684210527 false -0.5002094703495493 19 20 0
-1 0.0 true -0.5001941309355024 0 0 0
-1 0.0 true -0.5002674651093655 0 0 0
0 241.222 false -0.5005044033152413 22 23 0
-1 0.0 true -0.5004626973182468 0 0 0
-1 0.0 true -0.5005168513995724 0 0 0
0 2905.5512857142858 false -0.47170321735448556 25 28 0
0 366.97675 false -0.5002373435708083 26 27 0
-1 0.0 true -0.5002351957608971 0 0 0
-1 0.0 true -0.5002435657833565 0 0 0
0 3664.016363636363 false -0.47169724855529344 29 30 0
-1 0.0 true -0.5853228858481024 0 0 0
-1 0.0 true -0.40472636627186204 0 0 0
;
64 4.965034965034965 false -0.007395277443075935 1 16 0
18 0.022412519110641117 false -0.006823322885635802 2 9 0
32 -7.705078639150429E9 false -0.00704764571708586 3 6 0
65 0.5967225631889477 false 0.018081784366745672 4 5 0
-1 0.0 true -0.13575338946418655 0 0 0
-1 0.0 true 0.039610819565746185 0 0 0
22 0.009526386630916081 false -0.0989233014625081 7 8 0
-1 0.0 true -0.0966750086560943 0 0 0
-1 0.0 true -0.3001447997403823 0 0 0
20 0.12740243169080734 false 0.5232178427937361 10 13 0
0 7241.382 false 0.9152927952540949 11 12 0
-1 0.0 true 0.32836473411338357 0 0 0
-1 0.0 true 1.6426247497521165 0 0 0
1 38.6 false -0.12742977455785873 14 15 0
-1 0.0 true 1.435494227936974 0 0 0
-1 0.0 true -0.5262005105287466 0 0 0
55 0.845687688131967 false -0.5702084899030452 17 24 0
50 550.695652173913 false -0.5002052699843785 18 21 0
11 3.2105263157894735 false -0.5001793446995859 19 20 0
-1 0.0 true -0.5001657188788622 0 0 0
-1 0.0 true -0.5002343771632152 0 0 0
0 483.444 false -0.5004400683985684 22 23 0
-1 0.0 true -0.5003981919959386 0 0 0
-1 0.0 true -0.5004447557890593 0 0 0
-1 0.0 true -0.57091907723543 0 0 0
;
64 4.959677419354839 false 0.006528419667376906 1 16 0
22 0.013979566627253645 false 0.006952709840671601 2 9 0
16 0.04723827045257315 false 0.007697780268599697 3 6 0
37 0.019276229580043706 false -0.024019612726255215 4 5 0
-1 0.0 true -0.024940198756901327 0 0 0
-1 0.0 true 1.287726813876365 0 0 0
54 0.6537720714416275 false 0.049143744545332615 7 8 0
-1 0.0 true -0.02224894451944903 0 0 0
-1 0.0 true 0.07120087242533504 0 0 0
58 237.95505617977526 false -0.17700225996269212 10 13 0
37 0.016079236061443507 false -0.06085712090078792 11 12 0
-1 0.0 true 3.085507371483747 0 0 0
-1 0.0 true -0.12339959246220378 0 0 0
2 600.472602739726 false -0.4291315809925233 14 15 0
-1 0.0 true -0.4615786771445598 0 0 0
-1 0.0 true -0.35068005345653724 0 0 0
55 0.8467510224055368 false -0.5586583906869987 17 22 0
27 0.39802550390785685 false -0.500181488194216 18 21 0
11 3.25 false -0.5001562341375806 19 20 0
-1 0.0 true -0.500142032198035 0 0 0
-1 0.0 true -0.5002094586651618 0 0 0
-1 0.0 true -0.5003725856796898 0 0 0
2 59.596774193548384 false -0.5592378140505733 23 24 0
-1 0.0 true -0.5001766266655193 0 0 0
-1 0.0 true -0.55924142801946 0 0 0
;
38 0.15136501965712057 false -0.00613991039103446 1 16 0
22 0.011282412248666548 false -0.0543963616855175 2 9 0
37 0.014477520001361516 false -0.05343088293248725 3 6 0
21 0.14291497034504505 false -0.058531101533718134 4 5 0
-1 0.0 true -0.058148987911654966 0 0 0
-1 0.0 true -0.5558000481730657 0 0 0
44 0.3378699699043207 false 0.17831485692164395 7 8 0
-1 0.0 true 0.13837019738454878 0 0 0
-1 0.0 true 3.7823074363601514 0 0 0
0 45025.014500000005 false -0.3405246303178607 10 13 0
10 5.314146341463415 false -0.3827817622307845 11 12 0
-1 0.0 true 0.3277760675823121 0 0 0
-1 0.0 true -0.5124447096679096 0 0 0
20 0.11971465126317385 false 8.744227771911712 14 15 0
-1 0.0 true -0.5050677747914923 0 0 0
-1 0.0 true 31.396748956759993 0 0 0
20 0.18457757788386342 false 0.0326540654127361 17 24 0
28 0.8208609749535751 false 0.0336761066406592 18 21 0
53 0.20566208077285916 false 0.03368106579177699 19 20 0
-1 0.0 true 0.06695823757496056 0 0 0
-1 0.0 true -0.015104691695630888 0 0 0
40 0.9615384615384616 false 0.01048596963317895 22 23 0
-1 0.0 true 3.286160865713286 0 0 0
-1 0.0 true -0.5221984280037713 0 0 0
65 0.34445981362842165 false -0.920461622321462 25 26 0
-1 0.0 true -13.822776125159796 0 0 0
16 0.12841312947569095 false -0.20184238932675233 27 28 0
-1 0.0 true 11.140993517962928 0 0 0
-1 0.0 true -0.3141100974901037 0 0 0
;
64 4.974747474747475 false -0.005280170535827835 1 14 0
16 0.2420887272532143 false -0.004845373742538437 2 9 0
22 0.016898700565151664 false -0.004488145648948626 3 6 0
65 0.36273859369008676 false -0.004047987217210351 4 5 0
-1 0.0 true -0.35345910603685743 0 0 0
-1 0.0 true 0.012722312208199912 0 0 0
54 0.6321079918034791 false -0.3722562255368877 7 8 0
-1 0.0 true -0.4060057370376696 0 0 0
-1 0.0 true -0.12904551405455122 0 0 0
63 0.8547619047619047 false -0.609612355003482 10 13 0
22 0.009656745212041611 false -0.572894344524128 11 12 0
-1 0.0 true -0.5902693674684479 0 0 0
-1 0.0 true -0.5679164890562358 0 0 0
-1 0.0 true -0.6729028603807317 0 0 0
55 0.8474168967807334 false -0.5492530882822153 15 20 0
49 5037.736842105263 false -0.5001516793289693 16 19 0
11 3.178571428571429 false -0.5001295311151374 17 18 0
-1 0.0 true -0.5001201005127357 0 0 0
-1 0.0 true -0.5001794272575768 0 0 0
-1 0.0 true -0.5003044333307616 0 0 0
3 56.45454545454545 false -0.5496340908428675 21 24 0
1 16.333333333333332 false -0.500151588990915 22 23 0
-1 0.0 true -0.5001497708401874 0 0 0
-1 0.0 true -0.5001551004162491 0 0 0
-1 0.0 true -0.5496413957284758 0 0 0
;
22 0.009493862609884359 false -0.010465675079855971 1 16 0
33 -9.999793632055897E9 false -0.008808146426931623 2 9 0
64 4.583739837398374 false 0.013225026658070663 3 6 0
30 4.9564656338137 false 0.013569566097261386 4 5 0
-1 0.0 true 0.0036581924569797208 0 0 0
-1 0.0 true 0.1891343133016597 0 0 0
59 5.015151515151515 false -0.43447817441997566 7 8 0
-1 0.0 true -0.43419138263645113 0 0 0
-1 0.0 true -0.5001416645749932 0 0 0
41 0.02362561917263456 false -0.09216830690623659 10 13 0
22 0.002957527628426615 false -0.09542061184742312 11 12 0
-1 0.0 true -0.0886611659499463 0 0 0
-1 0.0 true -0.1350966595368194 0 0 0
37 0.021512647378808668 false 0.8304208199746657 14 15 0
-1 0.0 true 0.6135819768396858 0 0 0
-1 0.0 true 5.478074827850723 0 0 0
12 208.61607142857147 false -0.13417533984315425 17 24 0
16 0.2425813970102338 false -0.09100097498654378 18 21 0
27 0.1622448041630477 false -0.0812436984038543 19 20 0
-1 0.0 true -0.22504062089416005 0 0 0
-1 0.0 true 0.09425136783198333 0 0 0
0 31905.636 false -0.5686966216245342 22 23 0
-1 0.0 true -0.5633276750296998 0 0 0
-1 0.0 true -0.623615476844136 0 0 0
4 2795.3103448275865 false -0.4197357577338342 25 28 0
15 0.14893617021276595 false -0.3654037790367458 26 27 0
-1 0.0 true -0.3585290604547792 0 0 0
-1 0.0 true -0.5070045002073923 0 0 0
0 3111.287142857142 false -0.4653565322563542 29 30 0
-1 0.0 true -0.5334812702103676 0 0 0
-1 0.0 true -0.41033801281563503 0 0 0
;
60 184.01626016260167 false -1.6944560393818885E-4 1 16 0
0 22700.678328725626 false -0.0012130609977131612 2 9 0
42 137.16788153023458 false 0.009006395053997777 3 6 0
64 4.471111111111111 false -0.03766468943296228 4 5 0
-1 0.0 true -0.03727224858554273 0 0 0
-1 0.0 true -0.330172805544807 0 0 0
9 220.67852504638208 false 0.05273400396450441 7 8 0
-1 0.0 true 0.054688989987366245 0 0 0
-1 0.0 true -0.44816820795922196 0 0 0
21 0.11768411015125194 false -0.2929178929950359 10 13 0
22 0.016953571216681767 false -0.2890268998894978 11 12 0
-1 0.0 true -0.29073898906185225 0 0 0
-1 0.0 true 1.4028907661784815 0 0 0
20 0.1148137034824626 false -0.7117832041929197 14 15 0
-1 0.0 true -0.27313142743364005 0 0 0
-1 0.0 true -4.365899463848884 0 0 0
35 0.10494135064601029 false 0.37498946397441985 17 24 0
27 0.032754010695187165 false 0.04177796791473296 18 21 0
14 1926352.0 false 1.5852926140418322 19 20 0
-1 0.0 true 0.3338492964013034 0 0 0
-1 0.0 true 7.755613127055696 0 0 0
34 0.22984712456473028 false -0.05726887683369489 22 23 0
-1 0.0 true -0.15864801359709635 0 0 0
-1 0.0 true 0.9152314072470548 0 0 0
0 650.8277923076924 false 0.7897508044410301 25 28 0
31 0.7518248175182483 false 3.339873601653734 26 27 0
-1 0.0 true -0.5188928050727623 0 0 0
-1 0.0 true 4.203341996743848 0 0 0
35 0.1087584795242819 false 0.2931985900983984 29 30 0
-1 0.0 true -0.5038329942476437 0 0 0
-1 0.0 true 0.3215860629721669 0 0 0
;
31 1.534166648845543 false -0.008500355117359288 1 16 0
22 0.009374001780236538 false -0.027253547357468638 2 9 0
37 0.01616666490556741 false -0.02592802883591898 3 6 0
64 4.96505376344086 false -0.028178476053551248 4 5 0
-1 0.0 true -0.027791683871666757 0 0 0
-1 0.0 true -0.5331712508041889 0 0 0
10 5.926480769230766 false 0.19907882544512465 7 8 0
-1 0.0 true -0.09811774206416636 0 0 0
-1 0.0 true 0.6619175179593202 0 0 0
60 96.1922005571031 false -0.11888155077715337 10 13 0
6 175.58825370675453 false -0.05287542414524459 11 12 0
-1 0.0 true -0.14930951908934184 0 0 0
-1 0.0 true 0.19761443323902894 0 0 0
37 0.014007983760063908 false -0.2677867980022204 14 15 0
-1 0.0 true -0.45328058085145023 0 0 0
-1 0.0 true -0.21992498061472848 0 0 0
22 0.011628141615309052 false 0.0651404778118625 17 24 0
39 0.20045407760542694 false 0.06383405603480267 18 21 0
16 0.1878345571233716 false 0.0628159534304917 19 20 0
-1 0.0 true 0.06212849205144584 0 0 0
-1 0.0 true 1.5164886972122877 0 0 0
0 3238.5140416666654 false 2.3118845440657863 22 23 0
-1 0.0 true 4.346198756032222 0 0 0
-1 0.0 true 0.7429634384056639 0 0 0
39 0.08894869154960597 false 0.6663587176593181 25 28 0
0 1626.3370952380953 false 0.024184793946083027 26 27 0
-1 0.0 true 0.9329682498855941 0 0 0
-1 0.0 true -0.5059861560993794 0 0 0
0 9602.824250000001 false 0.9118653618739166 29 30 0
-1 0.0 true 1.187787647781398 0 0 0
-1 0.0 true -0.5057826007750374 0 0 0
;
18 0.012453825089461575 false -0.003798675050663165 1 16 0
42 634.4151987228895 false -0.0027379325921161315 2 9 0
22 0.009483419611853294 false -0.009880135802285262 3 6 0
0 7470.473369066816 false -0.008762318921890432 4 5 0
-1 0.0 true 0.010104601352881357 0 0 0
-1 0.0 true -0.12109504475772032 0 0 0
16 0.24243512966061667 false -0.13079239716259178 7 8 0
-1 0.0 true -0.12161088595534833 0 0 0
-1 0.0 true -0.5550533054977135 0 0 0
22 0.013598243219959685 false 0.13662111057184703 10 13 0
62 31.857142857142854 false 0.1324088827106088 11 12 0
-1 0.0 true 0.12606389190491002 0 0 0
-1 0.0 true 2.5237052160834774 0 0 0
18 0.010823644476215704 false 2.545061773068862 14 15 0
-1 0.0 true 17.03350980925036 0 0 0
-1 0.0 true 1.1633788217404015 0 0 0
37 0.02817470860565538 false -0.28013229751395563 17 24 0
11 45.248000000000005 false -0.3305129241566142 18 21 0
0 11500.688071794868 false -0.2983888477561664 19 20 0
-1 0.0 true -0.35102791490535773 0 0 0
-1 0.0 true -0.09182924125646469 0 0 0
18 0.013362154655839757 false -0.5132364294343831 22 23 0
-1 0.0 true -0.5032780110364998 0 0 0
-1 0.0 true -0.5135622546108527 0 0 0
61 27.272727272727273 false 0.3366648958282779 25 28 0
0 12163.6685 false 0.21196994185604562 26 27 0
-1 0.0 true 0.38189736068385916 0 0 0
-1 0.0 true -0.5511769176903454 0 0 0
0 7902.107 false 1.1671485144206786 29 30 0
-1 0.0 true 3.25305203461101 0 0 0
-1 0.0 true -0.51723837134669 0 0 0
;
3 947.8640453780347 false 5.34716914053278E-4 1 16 0
37 0.005118913476752348 false 0.00834567574910577 2 9 0
64 4.36271186440678 false -0.03583869093093183 3 6 0
56 371.60714285714283 false -0.035343875779091226 4 5 0
-1 0.0 true -0.034895488557557454 0 0 0
-1 0.0 true -0.4957546399095204 0 0 0
23 0.027179352244930236 false -0.5284807725012624 7 8 0
-1 0.0 true -0.5000937468924621 0 0 0
-1 0.0 true -0.5286776695890587 0 0 0
59 70.41423320400251 false 0.04150920836563506 10 13 0
22 0.01642587544089183 false 0.034144579395600214 11 12 0
-1 0.0 true 0.03471212035907541 0 0 0
-1 0.0 true -0.5811147867023929 0 0 0
63 0.13529844604097613 false 0.12875146320312927 14 15 0
-1 0.0 true 0.20051012732717668 0 0 0
-1 0.0 true -0.02050363868622993 0 0 0
22 0.008889283307001351 false -0.07041861499405297 17 24 0
37 0.01754170581170061 false -0.06186597898334979 18 21 0
43 249.925 false -0.07052219362950497 19 20 0
-1 0.0 true -0.07252142024037017 0 0 0
-1 0.0 true 4.9426685855965315 0 0 0
8 71.8529411764706 false 0.4292725520558128 22 23 0
-1 0.0 true 2.071042146507883 0 0 0
-1 0.0 true 3.96416074147554E-4 0 0 0
10 6.39815668202765 false -0.16665227620178705 25 28 0
57 105.44444444444444 false 0.45651282004054544 26 27 0
-1 0.0 true -0.506172068874005 0 0 0
-1 0.0 true 0.6728486438142816 0 0 0
24 6748.69014084507 false -0.2164731739680592 29 30 0
-1 0.0 true -0.20392889691262708 0 0 0
-1 0.0 true -0.39505778184570634 0 0 0
;
18 0.011399329124814069 false 0.00889779514266401 1 16 0
65 0.49151068247784396 false 0.01020526782296743 2 9 0
11 68.49197860962569 false -0.2664098512119552 3 6 0
7 277.89305504248244 false -0.2704199859479783 4 5 0
-1 0.0 true -0.266534981543479 0 0 0
-1 0.0 true -0.37213549089729747 0 0 0
3 294.6142857142857 false 1.0093993719949936 7 8 0
-1 0.0 true 0.8614166870447514 0 0 0
-1 0.0 true 1.066293089542953 0 0 0
42 135.46697555239643 false 0.026241823242398144 10 13 0
60 54.58625128733266 false -0.008869441655338518 11 12 0
-1 0.0 true -0.022574049509176616 0 0 0
-1 0.0 true 0.0640607524737128 0 0 0
22 0.014196544563156416 false 0.05638974844888687 14 15 0
-1 0.0 true 0.05768405064363614 0 0 0
-1 0.0 true -0.5289778907343242 0 0 0
54 0.046875 false -0.22763059159843355 17 18 0
-1 0.0 true -0.641542527766691 0 0 0
37 0.0327159335739262 false -0.21917572941217928 19 22 0
5 567.8350185873604 false -0.20489845824732147 20 21 0
-1 0.0 true -0.174253067537085 0 0 0
-1 0.0 true -0.4192104552134869 0 0 0
29 0.04861111111111111 false -0.4331891248784607 23 24 0
-1 0.0 true -0.6062445482352842 0 0 0
-1 0.0 true -0.08995670503487738 0 0 0
;
4 1112.778192148546 false 0.0063240723133429705 1 16 0
59 67.83563501552733 false 0.01486095554617353 2 9 0
4 527.9170270877826 false 0.006569101209720421 3 6 0
56 276.72727272727275 false 0.02124717374243286 4 5 0
-1 0.0 true 0.021350776078267297 0 0 0
-1 0.0 true -0.32798734711132305 0 0 0
22 0.0038142783204081513 false -0.058453010706445936 7 8 0
-1 0.0 true -0.04466399401511605 0 0 0
-1 0.0 true -0.11960255424320189 0 0 0
35 0.18381784205877416 false 0.11767043655796967 10 13 0
46 4113.198 false 0.11337601046132571 11 12 0
-1 0.0 true 0.11035019598910999 0 0 0
-1 0.0 true 2.4043587218390803 0 0 0
62 3.4347826086956523 false 1.9524617269016524 14 15 0
-1 0.0 true -0.5052511853135835 0 0 0
-1 0.0 true 4.659990199369714 0 0 0
52 63.78228274173805 false -0.07406939243673326 17 24 0
61 13.106382978723405 false -0.12486580717861226 18 21 0
18 0.035109012635836205 false -0.2583055211653121 19 20 0
-1 0.0 true -0.24418785957456765 0 0 0
-1 0.0 true -0.5767842655741907 0 0 0
13 7994.078651685394 false 1.0362450377237318 22 23 0
-1 0.0 true -0.5013773598815424 0 0 0
-1 0.0 true 1.1616847748031074 0 0 0
17 0.17057206946118844 false -0.0729746546441692 25 28 0
42 285.0702411613202 false -0.07431961171148549 26 27 0
-1 0.0 true -0.056111306583935844 0 0 0
-1 0.0 true -0.13098399877665304 0 0 0
0 11495.9055 false 0.7658461137474638 29 30 0
-1 0.0 true 1.2230980046873694 0 0 0
-1 0.0 true -0.5185789377501336 0 0 0
;
22 0.010954144096077693 false -0.0011117383725985463 1 12 0
11 455.6 false 2.3069676085662926E-4 2 9 0
31 1.5249305152651917 false 1.0826230080356328E-4 3 6 0
32 -9.99813361018125E9 false -0.02163393234443167 4 5 0
-1 0.0 true -0.0015971474470113526 0 0 0
-1 0.0 true -0.10334853137680236 0 0 0
18 0.007904506497819163 false 0.08330732338822006 7 8 0
-1 0.0 true 0.08579052803786774 0 0 0
-1 0.0 true -0.31633738790368204 0 0 0
0 455.44275000000005 false 8.508168701796748 10 11 0
-1 0.0 true 15.192066457834521 0 0 0
-1 0.0 true -0.5015009497097049 0 0 0
56 381.8125 false -0.18556700094282014 13 20 0
0 1871.8234007092215 false -0.21904911834736066 14 17 0
45 0.05765306122448979 false -0.3918746822674871 15 16 0
-1 0.0 true -0.3472521366680001 0 0 0
-1 0.0 true -0.8203582285059425 0 0 0
22 0.013943351243046635 false -0.15842118252539059 18 19 0
-1 0.0 true -0.04145649267225249 0 0 0
-1 0.0 true -0.3185511297276176 0 0 0
0 13647.9585 false 0.28920576692869215 21 22 0
-1 0.0 true 0.17520336705890593 0 0 0
-1 0.0 true 3.8854314686798417 0 0 0
;
11 461.741935483871 false -0.0016121606693822023 1 16 0
30 -0.7698439432908337 false -0.0013930035347961371 2 9 0
6 25.471654389470125 false -0.023323035057793887 3 6 0
58 2.4417896222798916 false 0.0019723578330460923 4 5 0
-1 0.0 true -0.17748748459840621 0 0 0
-1 0.0 true 0.06943328474780902 0 0 0
21 0.17637227345338222 false -0.038673146795289 7 8 0
-1 0.0 true -0.03887980568330393 0 0 0
-1 0.0 true 0.36402143419459304 0 0 0
59 270.85924112607114 false 0.03624154629022038 10 13 0
37 0.02455551440685008 false 0.03496827109658442 11 12 0
-1 0.0 true 0.03457443932838488 0 0 0
-1 0.0 true 0.7303858974074032 0 0 0
21 0.08552025442743405 false 0.625142457194539 14 15 0
-1 0.0 true -0.5023883907848617 0 0 0
-1 0.0 true 1.301181386036297 0 0 0
-1 0.0 true -0.625687191047686 0 0 0
;
11 461.4954128440367 false -0.002703921991477493 1 16 0
43 -176.43042933810364 false -0.0024214271666359636 2 9 0
56 179.2222300759853 false 0.016703958612954126 3 6 0
4 1006.6081165893767 false 0.013118140971453673 4 5 0
-1 0.0 true 0.023083737131335824 0 0 0
-1 0.0 true -0.08524145832871817 0 0 0
65 0.14340523976558003 false 0.11703486970585343 7 8 0
-1 0.0 true -0.6413882549604962 0 0 0
-1 0.0 true 0.12312991995654118 0 0 0
22 0.003532529867149027 false -0.07912026074770635 10 13 0
16 0.06899351358844845 false -0.0695244151604673 11 12 0
-1 0.0 true -0.08731072173767229 0 0 0
-1 0.0 true 0.07972518820123638 0 0 0
2 3182.1000000000004 false -0.15690267493878973 14 15 0
-1 0.0 true -0.16225409142718933 0 0 0
-1 0.0 true 3.342832337441612 0 0 0
0 456.215 false -0.6132425733224942 17 18 0
-1 0.0 true -0.6149367905572253 0 0 0
-1 0.0 true -0.5010833326153996 0 0 0
;
11 464.1320754716981 false -0.004352447364375622 1 16 0
0 21498.712762966257 false -0.0041243412514990925 2 9 0
23 0.14777650497446648 false 0.004412138759960581 3 6 0
42 189.65226801257495 false 0.004037787708499399 4 5 0
-1 0.0 true -0.027795558904618524 0 0 0
-1 0.0 true 0.04176684868855934 0 0 0
11 6.680000000000001 false 0.5789240752710996 7 8 0
-1 0.0 true 0.20926359009492718 0 0 0
-1 0.0 true 0.999074596399815 0 0 0
22 0.01685660475459183 false -0.2548653398561423 10 13 0
37 0.008047021969521428 false -0.25652764605608214 11 12 0
-1 0.0 true -0.25414546446541775 0 0 0
-1 0.0 true -0.26098726888496565 0 0 0
4 593.0 false 1.1573483776348716 14 15 0
-1 0.0 true 3.363401275845216E45 0 0 0
-1 0.0 true -0.5073755241907264 0 0 0
0 439.44614285714283 false -0.46274263467214566 17 18 0
-1 0.0 true -0.4623932994171748 0 0 0
-1 0.0 true -0.5008951880060215 0 0 0
;
12 99.82906171911286 false -0.012839418733776864 1 12 0
11 463.29292929292933 false -0.009741692415315095 2 9 0
60 60.947738242472624 false -0.009511372885059117 3 6 0
56 342.89622641509436 false -0.017585759249586764 4 5 0
-1 0.0 true -0.017468386118525397 0 0 0
-1 0.0 true -0.6129692127253448 0 0 0
37 0.012796547568230572 false 0.07391111363227175 7 8 0
-1 0.0 true 0.059677551045888934 0 0 0
-1 0.0 true 0.21088316821510913 0 0 0
0 443.85900000000004 false -0.5797481197409753 10 11 0
-1 0.0 true -0.5805661275329813 0 0 0
-1 0.0 true -0.5007830426616319 0 0 0
19 0.20370263341735223 false -0.09376618752243499 13 20 0
41 0.016531884013780373 false -0.09214303999603331 14 17 0
17 0.16267277093663718 false -0.07181700634325007 15 16 0
-1 0.0 true -0.07555800097603792 0 0 0
-1 0.0 true 2.864565215573299 0 0 0
17 0.03293212209866536 false -0.18344043014003011 18 19 0
-1 0.0 true -0.3983510685056991 0 0 0
-1 0.0 true -0.15413923727013154 0 0 0
0 338.2455 false -0.5819910860471306 21 22 0
-1 0.0 true -0.5008079785726878 0 0 0
-1 0.0 true -0.5824070277205273 0 0 0
;
18 0.0223433104614067 false 0.0031356881945321705 1 16 0
60 47.86014459903448 false 0.0028841717031559276 2 9 0
22 0.016412853304066118 false -0.008859337928753978 3 6 0
56 342.39080459770116 false -0.008513036879217145 4 5 0
-1 0.0 true -0.008422450631355565 0 0 0
-1 0.0 true -0.5985453804125241 0 0 0
5 51.20689655172414 false -1.0483245754961248 7 8 0
-1 0.0 true -0.5028528771953905 0 0 0
-1 0.0 true -1.1641915330913823 0 0 0
52 52.9483705602344 false 0.052208282945263335 10 13 0
8 32.71534278002698 false 0.06344862072945097 11 12 0
-1 0.0 true 0.3531705505932445 0 0 0
-1 0.0 true -0.07310602472771996 0 0 0
16 0.2028200906912327 false 0.05103720826458613 14 15 0
-1 0.0 true 0.05047710071639715 0 0 0
-1 0.0 true 1.7549655323513609 0 0 0
0 11269.475111111109 false 0.5621164326055219 17 24 0
5 180.99999999999997 false 0.6361231080308736 18 21 0
0 10790.248 false 0.4578562109645996 19 20 0
-1 0.0 true 0.2948626986249618 0 0 0
-1 0.0 true 3.1585868569761106 0 0 0
0 3216.5805 false 1.5844587486141475 22 23 0
-1 0.0 true 2.6416547014587946 0 0 0
-1 0.0 true -0.5210551081056728 0 0 0
0 11423.194 false 0.24261995926550262 25 28 0
0 11306.244999999999 false 3.1585868569761106 26 27 0
-1 0.0 true -0.5393297981389388 0 0 0
-1 0.0 true 6.856503512091163 0 0 0
13 2204.75 false -0.5177853281674505 29 30 0
-1 0.0 true -0.5070531081316211 0 0 0
-1 0.0 true -0.5255295498010867 0 0 0
;
52 229.2151697103569 false -0.006590723389516566 1 16 0
11 468.7659574468085 false 7.728016647565622E-5 2 9 0
0 7580.833605034292 false 1.9805921317850477E-4 3 6 0
0 165.08806298319757 false 0.014357118993294565 4 5 0
-1 0.0 true -0.24348461483573605 0 0 0
-1 0.0 true 0.03378444195053509 0 0 0
61 110.80000000000001 false -0.07852766053556913 7 8 0
-1 0.0 true -0.0789143286767839 0 0 0
-1 0.0 true 2.1628238632500745 0 0 0
0 402.82820000000004 false -0.3539185859055535 10 13 0
0 9.209176470588236 false -0.5489007144967422 11 12 0
-1 0.0 true -0.5463873111524373 0 0 0
-1 0.0 true -0.5761413720676867 0 0 0
0 464.75517647058825 false -0.1057739326716944 14 15 0
-1 0.0 true -0.09427369384905745 0 0 0
-1 0.0 true -0.5006915095454271 0 0 0
56 161.71340762580581 false -0.08178271658728528 17 24 0
22 0.003487632633866157 false -0.14619579564521143 18 21 0
17 0.06530130812736347 false -0.12981115923018516 19 20 0
-1 0.0 true -0.1381131057731876 0 0 0
-1 0.0 true 1.421255043464745 0 0 0
36 0.8942708215434143 false -0.1923446140570442 22 23 0
-1 0.0 true -0.21353737647424068 0 0 0
-1 0.0 true 0.5908377261405978 0 0 0
43 204.66666666666666 false 0.02770986984649533 25 28 0
41 0.02107828605836664 false 0.024838623469608526 26 27 0
-1 0.0 true 0.01812491688686476 0 0 0
-1 0.0 true 0.5982769790326002 0 0 0
0 6534.7995 false 1.1212896690454544 29 30 0
-1 0.0 true 0.49488160023201705 0 0 0
-1 0.0 true 3.792666656696343 0 0 0
;
22 0.02248257279266833 false 0.005857612916797616 1 16 0
16 0.029497031755266134 false 0.0059479625783855255 2 9 0
27 0.8381248659086032 false -0.08303404366990308 3 6 0
22 0.0037461294475151243 false -0.08282193625010469 4 5 0
-1 0.0 true -0.08442516179874514 0 0 0
-1 0.0 true 0.7465625391130102 0 0 0
1 13.333333333333332 false -0.6818649733912212 7 8 0
-1 0.0 true -0.7163123838510107 0 0 0
-1 0.0 true -0.5307841178104415 0 0 0
25 229.06162897224658 false 0.02655378659486948 10 13 0
12 32.16116288492708 false 0.06180980283028828 11 12 0
-1 0.0 true 0.07679061887941956 0 0 0
-1 0.0 true -0.10220564474927137 0 0 0
11 465.44827586206895 false 0.0060328736417306844 14 15 0
-1 0.0 true 0.006365316404453988 0 0 0
-1 0.0 true -0.5640859903417318 0 0 0
0 2185.05 false -0.7677982732760597 17 20 0
1 40.5 false -1.4606570465569682 18 19 0
-1 0.0 true -1.4814219919893377 0 0 0
-1 0.0 true -0.5024465141931667 0 0 0
1 40.666666666666664 false -0.5328948864848753 21 24 0
0 19974.638 false -0.5140231766452084 22 23 0
-1 0.0 true -0.51452887592012 0 0 0
-1 0.0 true -0.5033673993971717 0 0 0
0 10908.719000000001 false -0.55138053856296 25 26 0
-1 0.0 true -0.5707660605296503 0 0 0
-1 0.0 true -0.5224838514739152 0 0 0
;
14 255325.7659898954 false 0.0011395433440096637 1 16 0
11 288.9896373056995 false 0.01873103318617487 2 9 0
37 0.0069627503380764195 false 0.018990857453732184 3 6 0
64 4.3955696202531644 false 0.0010193701570835815 4 5 0
-1 0.0 true 0.0014582948620553689 0 0 0
-1 0.0 true -0.5221230648633747 0 0 0
29 0.5006988855344559 false 0.054620019071746795 7 8 0
-1 0.0 true 0.053556897976383695 0 0 0
-1 0.0 true 11.47154675029871 0 0 0
0 450.03700000000003 false -0.5555909647728693 10 13 0
0 32.3096 false -0.5560577285814413 11 12 0
-1 0.0 true -0.5332443213098685 0 0 0
-1 0.0 true -0.5624615616389783 0 0 0
0 6474.8395 false -0.5004964002877353 14 15 0
-1 0.0 true -0.5005073171017357 0 0 0
-1 0.0 true -0.5003120396981391 0 0 0
62 88.1340206185567 false -0.03826799124487849 17 24 0
18 0.017435449239079453 false -0.039469688375933426 18 21 0
11 41.322003187568484 false -0.04006486874248897 19 20 0
-1 0.0 true -0.04855783885839989 0 0 0
-1 0.0 true 0.10947136574972953 0 0 0
0 4553.6359999999995 false 0.4151751691942035 22 23 0
-1 0.0 true 1.8444625840337847 0 0 0
-1 0.0 true 0.04996999855855845 0 0 0
61 97.31914893617021 false 0.7795613012589924 25 28 0
6 869.0305376344086 false 1.7920631140788386 26 27 0
-1 0.0 true 1.2055811221875459 0 0 0
-1 0.0 true 2.5884643325043144 0 0 0
58 211.13157894736844 false 0.0012972636172551583 29 30 0
-1 0.0 true 0.5778762313020644 0 0 0
-1 0.0 true -0.5027531684135906 0 0 0
;
60 201.9378330373 false -0.0020618911009272836 1 16 0
12 196.1308440539692 false -0.0022588488213609887 2 9 0
8 186.32030385241467 false -0.0011715677054926898 3 6 0
37 0.013860982678969945 false -0.0018803836220359633 4 5 0
-1 0.0 true -0.004191233256986149 0 0 0
-1 0.0 true 0.06402822841251649 0 0 0
24 7698.298429319373 false 0.34729665604057025 7 8 0
-1 0.0 true -0.005915630528647685 0 0 0
-1 0.0 true 0.8096050889923958 0 0 0
23 0.09551097075021757 false -0.28608366877315416 10 13 0
35 0.1384387509203463 false -0.2598428758784406 11 12 0
-1 0.0 true -0.27932508855633326 0 0 0
-1 0.0 true 4.046811134129658 0 0 0
20 0.09295601192462923 false -0.412432998884049 14 15 0
-1 0.0 true -0.3921286354957947 0 0 0
-1 0.0 true -0.5192664301674097 0 0 0
5 293.55223880597015 false 0.09560762196333843 17 24 0
0 4900.20075 false 0.35000297722062734 18 21 0
0 4833.905999999999 false 0.4807310839901935 19 20 0
-1 0.0 true 0.37657847769976655 0 0 0
-1 0.0 true 4.812280105939301 0 0 0
0 5099.085 false 0.049183789581548294 22 23 0
-1 0.0 true 10.150465697462122 0 0 0
-1 0.0 true -0.2312852914769816 0 0 0
17 0.0943144581279351 false -0.052099220834483435 25 28 0
64 0.5960918922176228 false 0.006287902050126267 26 27 0
-1 0.0 true 0.8805551150897524 0 0 0
-1 0.0 true -0.11705606415836806 0 0 0
0 9857.226 false -0.5164910695928502 29 30 0
-1 0.0 true -0.5170456839725855 0 0 0
-1 0.0 true -0.5128938338533711 0 0 0
;
22 0.04539962022677728 false -0.005161726157160574 1 16 0
3 2012.78179152021 false -0.005068845479244411 2 9 0
16 0.062433393602238985 false -0.0030443447188398722 3 6 0
48 1928.2008660091415 false -0.017892416765641784 4 5 0
-1 0.0 true -0.01926625628172208 0 0 0
-1 0.0 true 0.3487930033231167 0 0 0
57 304.03797468354423 false 0.04480869119905502 7 8 0
-1 0.0 true 0.04331909247148951 0 0 0
-1 0.0 true 1.1710877570685712 0 0 0
22 0.009164812423507165 false -0.13922969929982523 10 13 0
14 1480144.904024632 false -0.11404566369862436 11 12 0
-1 0.0 true -0.006687209640717342 0 0 0
-1 0.0 true -0.21223286399442481 0 0 0
23 0.09306465502952642 false -0.2731533466704974 14 15 0
-1 0.0 true -0.23969001144644028 0 0 0
-1 0.0 true -0.3408187356206988 0 0 0
1 38.5 false -0.8714124607002854 17 24 0
0 7697.134 false -1.0247258116830325 18 21 0
0 2478.081 false -1.0991177494032585 19 20 0
-1 0.0 true -1.1518741178588672 0 0 0
-1 0.0 true -1.047173101448605 0 0 0
0 13246.8875 false -0.5125993233865898 22 23 0
-1 0.0 true -0.5125993233865896 0 0 0
-1 0.0 true -0.5125993233865896 0 0 0
0 2868.4415 false -0.5410697322428633 25 26 0
-1 0.0 true -0.5808743112559122 0 0 0
0 11313.8655 false -0.5077889933491979 27 28 0
-1 0.0 true -0.5110007899935566 0 0 0
-1 0.0 true -0.5038015213629293 0 0 0
;
37 0.008253388807016527 false 0.0025681236464251407 1 14 0
4 626.4544066021544 false -0.011848926782440972 2 9 0
60 37.55503923211708 false -3.262942579118644E-4 3 6 0
56 354.5882352941177 false -0.009735731853267404 4 5 0
-1 0.0 true -0.009568800869740107 0 0 0
-1 0.0 true -0.5848372627690464 0 0 0
42 823.7598499061917 false 0.09239212327112352 7 8 0
-1 0.0 true 0.08721583422417994 0 0 0
-1 0.0 true 0.8314080792429963 0 0 0
41 0.02556752780714168 false -0.06380083049043282 10 13 0
20 0.12359957948859601 false -0.06426732419413679 11 12 0
-1 0.0 true -0.06896552743623686 0 0 0
-1 0.0 true 0.5110809676917603 0 0 0
-1 0.0 true 11.998320363446178 0 0 0
27 0.4974040384764894 false 0.043030203926856025 15 22 0
34 0.5322286292432025 false 0.043451422608242384 16 19 0
56 297.53826955074874 false 0.043212472450825525 17 18 0
-1 0.0 true 0.04709295028505837 0 0 0
-1 0.0 true -0.2540122325021645 0 0 0
1 49.888888888888886 false 17.336434743577236 20 21 0
-1 0.0 true -0.5015525920186843 0 0 0
-1 0.0 true 19.543297263765837 0 0 0
0 11701.265 false -0.5505255446278794 23 24 0
-1 0.0 true -0.5549826274569708 0 0 0
-1 0.0 true -0.5228075326647714 0 0 0
;
11 463.78125 false 0.004799548568954554 1 16 0
64 0.004324285399002326 false 0.004928797456251794 2 9 0
18 0.01628812704543118 false -0.2345074202950782 3 6 0
38 0.48819669094633195 false -0.2337134776923433 4 5 0
-1 0.0 true -0.23826336864588987 0 0 0
-1 0.0 true 2.132511555116268 0 0 0
11 1.8666666666666667 false -0.6279666376211195 7 8 0
-1 0.0 true -0.6281919119127273 0 0 0
-1 0.0 true -0.5003661266858992 0 0 0
0 5918.802524372274 false 0.017853417932898536 10 13 0
0 94.21406541449002 false 0.033993852954175695 11 12 0
-1 0.0 true -0.3192069935688083 0 0 0
-1 0.0 true 0.059134186045993936 0 0 0
27 0.8149717514124293 false -0.04319886249591407 14 15 0
-1 0.0 true -0.04336889317623386 0 0 0
-1 0.0 true 0.6454400854431357 0 0 0
0 438.06712500000003 false -0.5440377913814682 17 20 0
0 230.22292307692308 false -0.544393233852682 18 19 0
-1 0.0 true -0.5280503968923183 0 0 0
-1 0.0 true -0.5525770923420327 0 0 0
0 6749.002 false -0.5004013455111627 21 24 0
0 672.61275 false -0.500426304580621 22 23 0
-1 0.0 true -0.5004481674342313 0 0 0
-1 0.0 true -0.5004083096758182 0 0 0
0 19641.1575 false -0.5002969920213226 25 26 0
-1 0.0 true -0.5003142748975082 0 0 0
-1 0.0 true -0.5001671165643682 0 0 0
;
20 0.13700215695099446 false 0.0017911774679761118 1 16 0
20 0.11052666336799916 false 0.0032002804404364688 2 9 0
37 0.012898652959991699 false 0.0011532227464580397 3 6 0
22 0.010560846202671672 false -0.0024191865942581217 4 5 0
-1 0.0 true -0.00258010819929025 0 0 0
-1 0.0 true 1.7450858292046956 0 0 0
62 33.910344827586215 false 0.0807486192732883 7 8 0
-1 0.0 true 0.06534932387812083 0 0 0
-1 0.0 true 1.0209360228338553 0 0 0
39 0.18557829084144875 false 0.1078106144067397 10 13 0
34 0.16589515625393597 false 0.10010541702223313 11 12 0
-1 0.0 true -0.23335832742921683 0 0 0
-1 0.0 true 0.1387322819659303 0 0 0
0 12225.270499999999 false 0.44096001314827626 14 15 0
-1 0.0 true 0.6570250339021435 0 0 0
-1 0.0 true -0.5284989892334125 0 0 0
21 0.11363336971394164 false -0.1624301380613672 17 24 0
46 4732.066666666667 false -0.14049350583487877 18 21 0
10 4.695841766329354 false -0.14873003947103489 19 20 0
-1 0.0 true 0.01610303586619749 0 0 0
-1 0.0 true -0.2260337341093222 0 0 0
0 517.1765 false 10.60540126207526 22 23 0
-1 0.0 true -0.5019120459443125 0 0 0
-1 0.0 true 21.09581540437769 0 0 0
23 0.09977778641303459 false -0.33978800327128156 25 28 0
0 9400.530999999999 false -0.889393202722189 26 27 0
-1 0.0 true -0.9967539434811891 0 0 0
-1 0.0 true -0.8134099391416223 0 0 0
36 0.9268516538573944 false -0.23042710050301943 29 30 0
-1 0.0 true -0.15231428183687823 0 0 0
-1 0.0 true -0.8104383726376997 0 0 0
;
37 0.02151731525663988 false -5.649211083093485E-4 1 16 0
22 0.015084117534914657 false 9.176825268838917E-5 2 9 0
22 0.014622781554863719 false -1.35557042950084E-4 3 6 0
23 0.07665236442689662 false -3.267513643863164E-4 4 5 0
-1 0.0 true 0.0017199732723687901 0 0 0
-1 0.0 true -0.08204634598728519 0 0 0
0 9246.077000000001 false 0.7377288062523106 7 8 0
-1 0.0 true 0.9231168934728502 0 0 0
-1 0.0 true -0.5052034259883054 0 0 0
3 605.0909090909091 false 0.18289156451426275 10 13 0
0 175.8485 false -0.8292882098762637 11 12 0
-1 0.0 true -0.5001552371329856 0 0 0
-1 0.0 true -0.8295026258686629 0 0 0
0 1095.487210144927 false 0.23570402631328582 14 15 0
-1 0.0 true 1.3452114715731796 0 0 0
-1 0.0 true 0.12810351015542196 0 0 0
16 0.17272422622780456 false -0.2461202926160503 17 24 0
42 832.9090909090909 false -0.2110085611836553 18 21 0
42 765.5675675675676 false -0.2339013340386403 19 20 0
-1 0.0 true -0.21274622108686975 0 0 0
-1 0.0 true -0.36201262704485654 0 0 0
0 17953.661500000002 false 1.0205181128585543 22 23 0
-1 0.0 true -0.5116052829768819 0 0 0
-1 0.0 true 10.49864024386113 0 0 0
0 26506.7525 false -0.4699861028607008 25 28 0
0 26254.299 false -0.46960595854193066 26 27 0
-1 0.0 true -0.28938787659784143 0 0 0
-1 0.0 true 0.0 0 0 0
2 81.33333333333333 false -0.5037679772007428 29 30 0
-1 0.0 true -0.501818295176745 0 0 0
-1 0.0 true -0.5050817245011938 0 0 0
;
18 0.034897671543077075 false -0.004381173874902476 1 16 0
30 4.958436458895309 false -0.004247476734354613 2 9 0
22 0.010253655145168687 false -0.01056166486700316 3 6 0
60 144.518668012109 false -0.0091932544777255 4 5 0
-1 0.0 true -0.01075917185792879 0 0 0
-1 0.0 true 0.20806596526676086 0 0 0
34 0.14592606584798576 false -0.15155292011914065 7 8 0
-1 0.0 true 0.11099258149773655 0 0 0
-1 0.0 true -0.202324854891305 0 0 0
17 0.017402549823858315 false 0.09509055103667129 10 13 0
39 0.0386142391007465 false 0.017303548099244004 11 12 0
-1 0.0 true 0.0012157409809859228 0 0 0
-1 0.0 true 0.415951314970522 0 0 0
27 0.1646725011037714 false 0.20047692160390582 14 15 0
-1 0.0 true 0.052462994360930874 0 0 0
-1 0.0 true 0.4639828606010612 0 0 0
4 2170.7272727272725 false -0.6103733638120087 17 24 0
3 1568.5 false -0.6250972133046122 18 21 0
0 11760.29 false -0.5967128011513905 19 20 0
-1 0.0 true -0.6163211438863907 0 0 0
-1 0.0 true -0.5290935609359452 0 0 0
0 6829.9025 false -0.7362466207976553 22 23 0
-1 0.0 true -0.7966442306230126 0 0 0
-1 0.0 true -0.5079944497245351 0 0 0
-1 0.0 true -0.5280661560233414 0 0 0
